L5, R, TS2
135
β2cf1
P      -1.610013       -1.634049       -0.036507  
C      -1.241980       -3.457269        0.115131  
O      -1.730693       -3.779613        1.432492  
H      -1.798683       -4.052075       -0.626061  
P       1.423332       -2.422431        0.430302  
C       0.225091       -3.847087        0.096578  
O       0.569209       -4.469756       -1.145649  
H       0.356432       -4.604438        0.878011  
C       2.494847       -3.197643        1.797735  
C      -1.907637       -1.254094       -1.860960  
C       3.158295       -4.474226        1.280506  
C       3.562250       -2.209456        2.260234  
C       1.584648       -3.509877        2.988704  
C      -3.285665       -1.708311       -2.327874  
C      -1.706035        0.248992       -2.073099  
C      -0.826630       -2.001582       -2.642224  
C       2.274046       -2.808175       -1.144818  
C       1.676611       -3.937475       -1.732036  
C       2.144795       -4.509096       -2.910579  
H       1.650045       -5.383738       -3.319883  
C      -4.286963       -1.164925        1.243420  
C       3.826515       -2.776786       -2.996715  
H       4.662246       -2.304731       -3.506263  
C       3.239368       -3.921406       -3.531757  
H       3.627279       -4.347462       -4.452166  
C      -3.104605       -1.892352        0.980029  
C      -2.822913       -3.028598        1.762816  
C      -3.599520       -3.406756        2.850222  
C       3.350510       -2.194770       -1.815154  
C      -5.064800       -1.551828        2.344139  
H      -5.983497       -1.006122        2.542346  
C      -4.713966       -2.632484        3.151051  
H      -3.335207       -4.287616        3.425276  
H      -5.339379       -2.897204        3.998244  
Rh       0.254073       -0.604151        1.072631  
C       0.130750        5.203235       -0.952093  
C       0.166442        3.833005       -0.723562  
C       0.920475        3.320551        0.345429  
C       1.601906        4.184444        1.188686  
C       1.544215        5.571312        0.957253  
C       0.817636        6.090204       -0.108687  
O      -0.551874        5.784012       -1.977532  
H      -0.366339        3.139781       -1.367700  
H       2.201529        3.839567        2.023713  
O       2.246298        6.333451        1.838152  
H       0.763516        7.152573       -0.314574  
C       0.950140        1.806895        0.421645  
H      -0.105391        1.502611        0.271575  
C       3.060450        1.117073        1.648626  
H       3.469817        0.769434        2.600208  
H       3.438610        0.466799        0.856410  
H       3.446713        2.124439        1.449241  
N       1.023343        1.614773        2.898398  
H       1.608293        2.201670        3.479033  
C       1.552917        1.110356        1.644190  
C      -0.234599        1.344797        3.281794  
O      -0.913684        0.514746        2.632554  
C      -4.855485       -0.130138        0.333501  
C       3.998892       -0.917612       -1.405877  
H       1.485148        1.444405       -0.463543  
H       1.444603       -0.527896        2.123938  
C      -0.796001        2.045659        4.471294  
H      -1.441527        1.365528        5.026754  
H      -0.020110        2.439558        5.128937  
H      -1.411630        2.885741        4.135223  
H       0.173175       -1.785516       -2.252747  
H      -0.976662       -3.085265       -2.637159  
H      -0.847097       -1.667752       -3.685950  
H      -0.677920        0.540216       -1.821843  
H      -1.869565        0.491131       -3.130144  
H      -2.392454        0.860383       -1.479617  
H      -4.083624       -1.095621       -1.906666  
H      -3.335797       -1.618698       -3.419072  
H      -3.486881       -2.754719       -2.073382  
H       0.856952       -4.300368        2.783695  
H       2.204836       -3.849564        3.825664  
H       1.033563       -2.619748        3.314712  
H       4.264239       -2.723270        2.926722  
H       4.142824       -1.785990        1.436338  
H       3.119179       -1.387857        2.830641  
H       3.884947       -4.266330        0.489241  
H       3.693176       -4.956696        2.105757  
H       2.439967       -5.203792        0.891768  
C       2.227707        7.740811        1.641618  
H       2.659121        8.011506        0.671324  
H       1.208564        8.137952        1.708213  
H       2.835738        8.163806        2.439939  
C      -1.203055        4.918199       -2.899385  
H      -0.488798        4.239202       -3.380915  
H      -1.985783        4.325613       -2.409591  
H      -1.652625        5.565394       -3.650889  
C       5.246445       -0.932686       -0.745885  
C       3.456416        0.301291       -1.872818  
C       5.344043        1.515049       -0.880501  
C       4.147196        1.539861       -1.601965  
C       5.911551        0.313878       -0.449269  
C       5.894735       -2.145703       -0.364083  
C       7.148797        0.284104        0.258626  
H       5.853624        2.452583       -0.663969  
C       3.601255        2.758961       -2.097077  
C       2.264489        0.357796       -2.656302  
C      -4.312733        1.165414        0.240909  
C      -5.991084       -0.479644       -0.440208  
C      -5.983729        1.762106       -1.447886  
C      -6.561272        0.493508       -1.342320  
C      -4.875893        2.122789       -0.680402  
C      -3.207826        1.571567        1.040984  
C      -4.285206        3.417212       -0.774358  
H      -6.411048        2.484135       -2.141470  
C      -7.691910        0.133007       -2.130906  
C      -6.572406       -1.783629       -0.420905  
C       1.785195        1.550868       -3.137922  
C       2.458112        2.767614       -2.852921  
H       4.122561        3.687024       -1.871439  
H       1.742945       -0.566911       -2.887430  
H       0.879886        1.564379       -3.740904  
H       2.061073        3.707088       -3.227659  
C       7.724752       -0.903014        0.626928  
C       7.093867       -2.132754        0.299441  
H       5.420338       -3.092897       -0.608998  
H       7.633242        1.230618        0.487568  
H       8.670278       -0.909599        1.161484  
H       7.567196       -3.069718        0.579526  
C      -7.657059       -2.093479       -1.201596  
C      -8.233059       -1.123406       -2.061930  
H      -8.112794        0.883145       -2.796438  
H      -6.140838       -2.547439        0.219133  
H      -8.077048       -3.094831       -1.165192  
H      -9.094524       -1.384195       -2.669599  
C      -3.206507        3.761138       -0.001830  
C      -2.664334        2.824540        0.917928  
H      -2.798787        0.873143        1.761276  
H      -4.715381        4.130683       -1.474032  
H      -2.766750        4.752348       -0.080778  
H      -1.810998        3.113603        1.528841  


135
β2cf2
P      -2.305862       -0.891476        0.233773  
C      -2.252196       -2.350200        1.408438  
O      -2.335528       -1.730426        2.705301  
H      -3.118472       -3.015818        1.270995  
P       0.530112       -2.143012        0.972022  
C      -0.970166       -3.159104        1.446162  
O      -1.039043       -4.300012        0.586024  
H      -0.864969       -3.535645        2.469590  
C       1.796929       -2.813073        2.211483  
C      -3.229109       -1.522889       -1.305974  
C       1.793586       -4.344602        2.193876  
C       3.197364       -2.343276        1.829824  
C       1.393691       -2.314017        3.599688  
C      -4.649529       -1.947801       -0.944913  
C      -3.240579       -0.431501       -2.373431  
C      -2.482420       -2.735311       -1.857626  
C       0.735211       -3.162193       -0.522552  
C      -0.153638       -4.248547       -0.452247  
C      -0.195212       -5.246171       -1.418325  
H      -0.894419       -6.069927       -1.318784  
C      -4.405007        0.975544        1.373324  
C       1.508124       -4.028811       -2.634233  
H       2.154363       -3.940134       -3.503230  
C       0.647630       -5.119661       -2.515549  
H       0.625102       -5.873155       -3.297310  
C      -3.454403       -0.073209        1.417723  
C      -3.126059       -0.615760        2.676866  
C      -3.564902       -0.075683        3.878507  
C       1.577465       -3.037252       -1.645917  
C      -4.834687        1.522477        2.592680  
H      -5.573533        2.319020        2.561847  
C      -4.396683        1.035885        3.821961  
H      -3.267351       -0.530868        4.817365  
H      -4.753797        1.490124        4.741454  
Rh      -0.072779        0.022397        0.729152  
C       5.070800        3.932915        0.226017  
C       3.865330        3.226405        0.168452  
C       3.840360        1.871375        0.502106  
C       5.016335        1.228347        0.889913  
C       6.217341        1.938905        0.938245  
C       6.258619        3.299717        0.610731  
O       5.002374        5.248114       -0.119018  
H       2.968229        3.738287       -0.171992  
H       5.023723        0.166119        1.124368  
O       7.312866        1.222969        1.311281  
H       7.190129        3.849588        0.646808  
C       2.555033        1.086660        0.436030  
H       1.976881        1.410808       -0.436599  
C       2.394435        1.027371        2.987722  
H       1.724587        1.077584        3.850074  
H       2.940065        0.085459        3.029332  
H       3.143986        1.822937        3.094628  
N       1.077987        2.563092        1.733221  
H       1.614780        3.279067        2.209451  
C       1.646624        1.215925        1.677821  
C      -0.009660        2.926995        1.057586  
O      -0.724854        2.059631        0.491010  
C      -5.179910        1.405895        0.167882  
C       2.557806       -1.931633       -1.848197  
H       2.801462        0.033148        0.276939  
H       0.395493        0.260896        2.213790  
C      -0.358529        4.374004        0.973335  
H      -1.441938        4.500203        0.994452  
H       0.095516        4.956550        1.776018  
H       0.006566        4.773049        0.021135  
H      -1.430473       -2.527863       -2.079753  
H      -2.534631       -3.590508       -1.179206  
H      -2.956760       -3.035024       -2.798767  
H      -2.225022       -0.122610       -2.640274  
H      -3.713352       -0.826875       -3.279514  
H      -3.798491        0.454114       -2.067500  
H      -5.247008       -1.121706       -0.559949  
H      -5.143490       -2.322294       -1.849581  
H      -4.667921       -2.757066       -0.207612  
H       0.455358       -2.762356        3.941773  
H       2.168716       -2.590867        4.322649  
H       1.271832       -1.228654        3.641180  
H       3.911442       -2.662308        2.597550  
H       3.520018       -2.779375        0.880829  
H       3.274193       -1.259949        1.737936  
H       2.086595       -4.742942        1.217519  
H       2.526512       -4.698949        2.926956  
H       0.828686       -4.780793        2.467849  
C       8.559316        1.901744        1.363151  
H       8.839293        2.298252        0.380377  
H       8.538954        2.719430        2.092775  
H       9.292255        1.158838        1.674726  
C       6.205690        6.002135       -0.081703  
H       6.628867        6.026788        0.929026  
H       6.950380        5.598989       -0.777425  
H       5.936095        7.012575       -0.385691  
C       3.939890       -2.207617       -1.713521  
C       2.129371       -0.653268       -2.271197  
C       4.464759        0.092045       -2.384927  
C       3.109394        0.367581       -2.562955  
C       4.903878       -1.161393       -1.955533  
C       4.437204       -3.484439       -1.310159  
C       6.288064       -1.424118       -1.742783  
H       5.195302        0.880350       -2.562394  
C       2.672356        1.663665       -2.964702  
C       0.751931       -0.300739       -2.405104  
C      -4.677434        2.311577       -0.785476  
C      -6.503946        0.913506        0.042405  
C      -6.780545        2.193572       -2.036327  
C      -7.309514        1.315951       -1.086589  
C      -5.485028        2.697145       -1.917729  
C      -3.358708        2.832575       -0.695149  
C      -4.923906        3.562673       -2.901386  
H      -7.389668        2.481615       -2.891361  
C      -8.629426        0.794898       -1.222842  
C      -7.077515       -0.016204        0.963772  
C       0.370710        0.968113       -2.768603  
C       1.338866        1.965491       -3.053814  
H       3.428968        2.417640       -3.170424  
H      -0.005438       -1.056008       -2.204909  
H      -0.684665        1.220924       -2.835757  
H       1.016152        2.962070       -3.343040  
C       6.719085       -2.659149       -1.336824  
C       5.779119       -3.701877       -1.128280  
H       3.734355       -4.293593       -1.129558  
H       6.995455       -0.614881       -1.911811  
H       7.776836       -2.846495       -1.176663  
H       6.127273       -4.681491       -0.812928  
C      -8.350175       -0.498188        0.794423  
C      -9.142140       -0.086947       -0.308762  
H      -9.220054        1.114028       -2.078445  
H      -6.488460       -0.358413        1.809884  
H      -8.755661       -1.207229        1.510619  
H     -10.148607       -0.477767       -0.426825  
C      -3.635615        4.017556       -2.791911  
C      -2.845334        3.644584       -1.672884  
H      -2.743400        2.544864        0.148609  
H      -5.541834        3.845173       -3.750566  
H      -3.217308        4.666025       -3.556641  
H      -1.820838        4.001059       -1.594076  


135
β2cf3
P      -2.219010       -0.979418        0.176501  
C      -2.097664       -2.510924        1.253647  
O      -2.227097       -1.984222        2.587855  
H      -2.923919       -3.213172        1.060558  
P       0.671657       -2.119390        0.875386  
C      -0.772148       -3.248378        1.255362  
O      -0.758462       -4.332926        0.318604  
H      -0.656945       -3.687580        2.252442  
C       1.967025       -2.813907        2.073148  
C      -3.102526       -1.564127       -1.406678  
C       2.052748       -4.336571        1.927615  
C       3.340580       -2.233537        1.751965  
C       1.524606       -2.453364        3.492082  
C      -4.516174       -2.039005       -1.082691  
C      -3.128778       -0.436058       -2.435240  
C      -2.313984       -2.731150       -1.995879  
C       0.946359       -3.011056       -0.686059  
C       0.131997       -4.155456       -0.700455  
C       0.173204       -5.087661       -1.730472  
H      -0.468128       -5.962086       -1.698547  
C      -4.400545        0.716369        1.413643  
C       1.806317       -3.681408       -2.834911  
H       2.454483       -3.491381       -3.685972  
C       1.022555       -4.834111       -2.800506  
H       1.063729       -5.536085       -3.628116  
C      -3.410081       -0.296421        1.399271  
C      -3.063788       -0.902834        2.623663  
C      -3.524152       -0.451831        3.853924  
C       1.790027       -2.752628       -1.785620  
C      -4.850530        1.173763        2.661541  
H      -5.618979        1.942271        2.676883  
C      -4.395283        0.630755        3.860893  
H      -3.211644       -0.950691        4.765333  
H      -4.768766        1.016700        4.804584  
Rh      -0.045924        0.019659        0.758905  
C       6.196359        2.020144        1.084522  
C       4.993171        1.308430        1.048963  
C       3.817429        1.960300        0.672939  
C       3.830496        3.317764        0.345149  
C       5.042864        4.019157        0.384042  
C       6.224878        3.375654        0.753180  
O       7.392683        1.462783        1.418879  
H       4.966162        0.244182        1.259788  
H       2.911201        3.794609        0.018998  
O       5.163432        5.338155        0.065964  
H       7.160575        3.924276        0.772880  
C       2.541548        1.165755        0.571990  
H       1.965120        1.524583       -0.286905  
C       2.328643        1.018699        3.123715  
H       1.635409        1.039077        3.968647  
H       2.884869        0.082936        3.160667  
H       3.064007        1.821774        3.268201  
N       1.005502        2.557887        1.878433  
H       1.517347        3.276225        2.378307  
C       1.610624        1.228165        1.800718  
C      -0.069701        2.913695        1.177594  
O      -0.757927        2.044748        0.581538  
C      -5.191450        1.177569        0.230192  
C       2.684809       -1.567202       -1.917272  
H       2.804403        0.125499        0.362691  
H       0.386435        0.208521        2.263033  
C      -0.431380        4.357827        1.095745  
H       0.016559        4.944603        1.898887  
H      -0.067872        4.757445        0.142356  
H      -1.515626        4.476680        1.114538  
H      -1.268042       -2.477010       -2.195382  
H      -2.344236       -3.615944       -1.354709  
H      -2.766453       -3.005350       -2.955377  
H      -2.117407       -0.157417       -2.746717  
H      -3.659453       -0.786270       -3.327982  
H      -3.638768        0.459065       -2.076836  
H      -5.154557       -1.230302       -0.728423  
H      -4.966831       -2.442650       -1.997202  
H      -4.529927       -2.837435       -0.333558  
H       0.625720       -3.000425        3.793653  
H       2.318378       -2.719499        4.198563  
H       1.313307       -1.386993        3.612049  
H       4.079684       -2.633426        2.455819  
H       3.669473       -2.501535        0.743444  
H       3.363993       -1.148033        1.832337  
H       2.397998       -4.632951        0.932019  
H       2.782094       -4.710083        2.654621  
H       1.106778       -4.847039        2.129149  
C       3.985125        6.019401       -0.338080  
H       3.555631        5.573384       -1.243788  
H       3.230367        6.017828        0.457663  
H       4.287229        7.044346       -0.547857  
C       7.383635        0.097953        1.817559  
H       6.741570       -0.054819        2.693367  
H       7.046500       -0.556339        1.003275  
H       8.413657       -0.145313        2.074356  
C       4.086312       -1.750380       -1.822027  
C       2.159658       -0.296222       -2.244576  
C       4.435399        0.614986       -2.368927  
C       3.059696        0.808338       -2.486654  
C       4.969727       -0.627953       -2.026953  
C       4.679987       -3.007670       -1.495428  
C       6.373853       -0.804596       -1.864042  
H       5.106782        1.459797       -2.517880  
C       2.525380        2.101787       -2.760121  
C       0.757921       -0.028068       -2.310733  
C      -4.719833        2.135259       -0.687167  
C      -6.497107        0.642977        0.081234  
C      -6.808479        1.977722       -1.957827  
C      -7.312078        1.054872       -1.037632  
C      -5.533349        2.524783       -1.814061  
C      -3.427163        2.712218       -0.563948  
C      -4.999276        3.441490       -2.765694  
H      -7.422072        2.268905       -2.808583  
C      -8.612518        0.493805       -1.197848  
C      -7.039312       -0.341304        0.964145  
C       0.282300        1.241223       -2.536215  
C       1.173072        2.322560       -2.761765  
H       3.225004        2.918088       -2.928073  
H       0.057460       -0.848371       -2.165889  
H      -0.788445        1.431553       -2.534957  
H       0.774635        3.318210       -2.939261  
C       6.899793       -2.027768       -1.542330  
C       6.038817       -3.141863       -1.362122  
H       4.038904       -3.871148       -1.337307  
H       7.018912        0.062092       -1.996647  
H       7.972236       -2.148967       -1.419354  
H       6.461423       -4.110023       -1.108188  
C      -8.294347       -0.860253        0.772662  
C      -9.097629       -0.436439       -0.317381  
H      -9.210779        0.821825       -2.044766  
H      -6.440772       -0.695283        1.798505  
H      -8.676827       -1.608507        1.461199  
H     -10.089828       -0.856661       -0.453071  
C      -3.732708        3.947238       -2.628039  
C      -2.940306        3.577121       -1.509745  
H      -2.811102        2.431522        0.281381  
H      -5.620265        3.723914       -3.612681  
H      -3.334630        4.635492       -3.368201  
H      -1.936168        3.981555       -1.404760  


135
β2cf4
P      -2.244752       -0.968741        0.176516  
C      -2.196413       -2.495357        1.265176  
O      -2.308886       -1.954785        2.594941  
H      -3.050756       -3.163229        1.072038  
P       0.585657       -2.215804        0.909422  
C      -0.903185       -3.287275        1.284031  
O      -0.926548       -4.376766        0.354723  
H      -0.815120       -3.723450        2.285013  
C       1.845311       -2.940547        2.126221  
C      -3.135620       -1.512591       -1.413895  
C       1.876177       -4.466822        1.995502  
C       3.245174       -2.418969        1.814898  
C       1.399235       -2.551451        3.536561  
C      -4.578654       -1.906449       -1.112525  
C      -3.080791       -0.386269       -2.443652  
C      -2.401605       -2.721696       -1.989654  
C       0.837195       -3.129969       -0.643687  
C      -0.023789       -4.240272       -0.660206  
C      -0.016160       -5.176630       -1.687215  
H      -0.693354       -6.023740       -1.655685  
C      -4.354969        0.831594        1.398068  
C       1.679173       -3.842768       -2.786336  
H       2.341255       -3.683053       -3.632933  
C       0.847678       -4.961326       -2.753921  
H       0.863531       -5.666152       -3.580000  
C      -3.409911       -0.223649        1.390629  
C      -3.092420       -0.834872        2.620551  
C      -3.530531       -0.353779        3.847454  
C       1.697885       -2.912580       -1.738552  
C      -4.780202        1.321356        2.642665  
H      -5.513546        2.123501        2.651575  
C      -4.348812        0.769196        3.846496  
H      -3.240883       -0.860437        4.762103  
H      -4.702769        1.180155        4.787184  
Rh      -0.041699       -0.050321        0.755679  
C       6.179177        2.177229        1.141783  
C       5.031011        1.370683        1.145693  
C       3.825396        1.883962        0.684285  
C       3.747856        3.210184        0.234183  
C       4.896244        4.001270        0.230199  
C       6.120931        3.491929        0.684449  
O       7.316457        1.584463        1.595467  
H       5.113343        0.337004        1.474845  
H       2.806598        3.580994       -0.157685  
O       4.929363        5.288239       -0.214007  
H       6.991327        4.136554        0.658372  
C       2.597071        1.014119        0.608595  
H       2.028433        1.305105       -0.279904  
C       2.317705        0.888850        3.152632  
H       1.609207        0.960737        3.982145  
H       2.818697       -0.076315        3.216671  
H       3.092702        1.652785        3.301031  
N       1.076365        2.463141        1.862733  
H       1.614084        3.170421        2.351933  
C       1.637598        1.111182        1.812363  
C       0.043887        2.851918        1.117116  
O      -0.657861        2.002141        0.508900  
C      -5.136878        1.310643        0.216144  
C       2.650001       -1.772724       -1.864687  
H       2.901556       -0.026080        0.461135  
H       0.365328        0.137267        2.265536  
C      -0.260730        4.306948        1.001635  
H      -1.337898        4.470774        1.065724  
H       0.246897        4.902673        1.761248  
H       0.066654        4.658682        0.017281  
H      -1.342011       -2.520770       -2.179655  
H      -2.483517       -3.601741       -1.345933  
H      -2.857752       -2.976024       -2.952908  
H      -2.051218       -0.181284       -2.752972  
H      -3.633355       -0.697679       -3.337252  
H      -3.524201        0.543907       -2.085767  
H      -5.179701       -1.056930       -0.790047  
H      -5.030578       -2.305425       -2.028428  
H      -4.650953       -2.686177       -0.347410  
H       0.486993       -3.076487        3.837686  
H       2.181680       -2.823315        4.253322  
H       1.208179       -1.479529        3.639931  
H       3.959666       -2.861297        2.517980  
H       3.565324       -2.696648        0.806372  
H       3.329233       -1.336460        1.903523  
H       2.216565       -4.785637        1.005232  
H       2.586408       -4.860133        2.730909  
H       0.910976       -4.940374        2.195858  
C       3.709766        5.839789       -0.688468  
H       3.328561        5.281854       -1.553164  
H       2.945441        5.850672        0.098062  
H       3.937616        6.861585       -0.987797  
C       8.506946        2.359561        1.579477  
H       8.765044        2.669009        0.560172  
H       8.412113        3.248103        2.213994  
H       9.290948        1.714142        1.973020  
C       4.038910       -2.025445       -1.749892  
C       2.191707       -0.480804       -2.207360  
C       4.511464        0.316690       -2.301958  
C       3.148886        0.575240       -2.444932  
C       4.979632       -0.948951       -1.945202  
C       4.564580       -3.309495       -1.410072  
C       6.370897       -1.194524       -1.759831  
H       5.225024        1.127423       -2.444872  
C       2.682144        1.889287       -2.741316  
C       0.805629       -0.144885       -2.295214  
C      -4.638225        2.238029       -0.717416  
C      -6.466033        0.829610        0.090563  
C      -6.753157        2.162897       -1.952517  
C      -7.281803        1.270299       -1.016624  
C      -5.452378        2.652444       -1.834952  
C      -3.320653        2.761950       -0.618019  
C      -4.895431        3.539350       -2.801748  
H      -7.367955        2.476629       -2.794390  
C      -8.609886        0.769404       -1.148540  
C      -7.034358       -0.127303        0.986901  
C       0.395985        1.144256       -2.538538  
C       1.342596        2.177254       -2.762611  
H       3.422798        2.668460       -2.908260  
H       0.064740       -0.929181       -2.152047  
H      -0.663909        1.386411       -2.552902  
H       0.998831        3.190987       -2.954443  
C       6.829910       -2.439219       -1.419709  
C       5.912122       -3.508506       -1.249916  
H       3.879317       -4.139961       -1.261539  
H       7.060699       -0.364114       -1.895566  
H       7.892751       -2.613412       -1.279976  
H       6.282105       -4.494555       -0.983036  
C      -8.314886       -0.589668        0.822025  
C      -9.120042       -0.133043       -0.253240  
H      -9.208601        1.120573       -1.985886  
H      -6.436449       -0.506614        1.810405  
H      -8.716391       -1.318600        1.520284  
H     -10.133224       -0.507518       -0.366889  
C      -3.608030        3.994868       -2.686114  
C      -2.814045        3.600154       -1.577158  
H      -2.702517        2.458669        0.218453  
H      -5.517192        3.840732       -3.641621  
H      -3.193827        4.661847       -3.436903  
H      -1.792526        3.963120       -1.490822  


135
α1cf1
P      -0.951069        1.547699        1.064406  
C       0.121949        2.885110        1.841170  
O      -0.660033        4.088250        1.885475  
H       0.354630        2.613188        2.876971  
P       2.015829        1.763402        0.063663  
C       1.417485        3.183808        1.101836  
O       2.444544        3.549240        2.037302  
H       1.248676        4.060566        0.470700  
C       2.794735        2.684749       -1.416331  
C      -1.968669        1.011448        2.569429  
C       3.946734        3.567665       -0.939788  
C       3.284565        1.683761       -2.459435  
C       1.710001        3.545877       -2.067966  
C      -2.431728        2.209338        3.403692  
C      -3.213097        0.286525        2.059908  
C      -1.080239        0.120162        3.435190  
C       3.361650        1.493485        1.267300  
C       3.387582        2.577004        2.165162  
C       4.353415        2.702744        3.158072  
H       4.337599        3.561026        3.821171  
C       4.327558        0.479236        1.402604  
C       5.295718        0.605308        2.406169  
H       6.040134       -0.179406        2.510586  
C       5.312962        1.704445        3.264860  
H       6.077133        1.775677        4.033121  
C      -1.960404        2.873121        0.310430  
C      -1.617125        4.097032        0.914166  
C      -2.245033        5.295048        0.592383  
C      -3.005232        2.850322       -0.632803  
C      -3.627477        4.063505       -0.963317  
H      -4.426239        4.052164       -1.699817  
C      -3.251345        5.263955       -0.365524  
H      -1.942118        6.213438        1.084020  
H      -3.752608        6.185129       -0.647595  
Rh       0.305333        0.118166       -0.190696  
C      -4.091497       -3.339781        0.829421  
C      -3.167986       -2.674380        0.009345  
C      -1.878797       -2.412687        0.489495  
C      -1.517321       -2.832465        1.776846  
C      -2.468079       -3.438958        2.603034  
C      -3.756307       -3.691359        2.134907  
O      -5.342945       -3.702340        0.436113  
H      -3.428186       -2.371036       -1.001142  
H      -0.495949       -2.680125        2.116635  
O      -2.235230       -3.830533        3.887063  
H      -4.481062       -4.187053        2.771707  
C      -0.861679       -1.821828       -0.438595  
H      -1.369024       -1.436273       -1.336052  
C      -0.420320       -4.317806       -0.961065  
H       0.350474       -5.013694       -1.306397  
H      -0.783993       -4.670027        0.004494  
H      -1.260050       -4.345512       -1.665841  
N       0.761982       -2.639092       -2.165184  
H       0.576751       -3.286425       -2.918576  
C       0.162255       -2.911566       -0.860667  
C       1.632860       -1.652823       -2.364044  
O       1.862530       -0.807026       -1.464993  
C       4.356940       -0.740733        0.551648  
C      -3.514507        1.620175       -1.292519  
H       0.981860       -2.917258       -0.130968  
H       0.037274       -0.999920        0.867478  
C       2.342666       -1.576271       -3.676984  
H       2.021092       -0.683697       -4.222896  
H       3.416071       -1.468750       -3.499140  
H       2.167179       -2.452873       -4.302806  
H      -0.675884       -0.727861        2.879226  
H      -0.236363        0.676955        3.860843  
H      -1.669294       -0.275688        4.271280  
H      -3.718436       -0.209032        2.897006  
H      -3.919121        1.000380        1.624100  
H      -2.997456       -0.471408        1.305921  
H      -3.031323        2.913116        2.817391  
H      -3.069652        1.827627        4.208795  
H      -1.608825        2.755828        3.871728  
H       1.366562        4.376563       -1.444460  
H       2.117128        3.985639       -2.985108  
H       0.838055        2.951022       -2.356169  
H       2.443831        1.162621       -2.923576  
H       3.828485        2.225582       -3.242346  
H       3.951942        0.925542       -2.045840  
H       4.774972        2.978432       -0.534262  
H       4.332911        4.138129       -1.792286  
H       3.637574        4.288902       -0.175780  
C      -0.908421       -3.727842        4.374056  
H      -0.224607       -4.348501        3.781934  
H      -0.555411       -2.688750        4.369184  
H      -0.932033       -4.093471        5.399759  
C      -5.649878       -3.582706       -0.944556  
H      -5.657714       -2.535404       -1.259463  
H      -4.931038       -4.139324       -1.558588  
H      -6.645862       -4.005917       -1.070877  
C      -4.859712        1.232751       -1.079901  
C      -2.714053        0.917499       -2.217860  
C      -4.594484       -0.567602       -2.726973  
C      -3.257570       -0.217335       -2.922347  
C      -5.410627        0.134323       -1.835808  
C      -5.711703        1.883087       -0.136054  
C      -6.781481       -0.214010       -1.654643  
H      -5.013102       -1.400743       -3.290568  
C      -2.424022       -0.930823       -3.833839  
C      -1.386345        1.326169       -2.541569  
C       3.606687       -1.870053        0.938786  
C       5.219572       -0.805842       -0.560587  
C       4.473799       -3.102290       -0.994663  
C       5.232870       -1.993693       -1.379256  
C       3.702860       -3.088208        0.171020  
C       2.782797       -1.873478        2.101686  
C       3.024147       -4.253786        0.633498  
H       4.515729       -4.010273       -1.595143  
C       6.052844       -2.015712       -2.545002  
C       6.094618        0.264635       -0.914707  
C      -0.622962        0.631555       -3.446947  
C      -1.140090       -0.524449       -4.088874  
H      -2.842211       -1.796899       -4.342705  
H      -0.997720        2.231258       -2.083186  
H       0.378843        0.985205       -3.686059  
H      -0.526341       -1.070326       -4.801259  
C      -7.568068        0.450409       -0.752321  
C      -7.018864        1.502998        0.025090  
H      -5.309835        2.689037        0.471971  
H      -7.190018       -1.026158       -2.252404  
H      -8.609644        0.171085       -0.623090  
H      -7.641419        2.010393        0.756463  
C       6.888041        0.195161       -2.030392  
C       6.853285       -0.950712       -2.868409  
H       6.038877       -2.907434       -3.168050  
H       6.122690        1.149384       -0.283586  
H       7.544490        1.023733       -2.280919  
H       7.476115       -0.985440       -3.757476  
C       2.276749       -4.226780        1.782646  
C       2.150113       -3.017558        2.516413  
H       2.677578       -0.957111        2.678517  
H       3.113459       -5.168482        0.050862  
H       1.768283       -5.124117        2.126638  
H       1.555979       -2.997520        3.425754  


135
β1cf3
P      -0.842426        1.023756       -0.549007  
C      -0.263740        1.434564       -2.289318  
O      -0.875217        0.401609       -3.078019  
H      -0.672062        2.405775       -2.607403  
P       2.170324        0.338603       -1.338190  
C       1.218864        1.380688       -2.573477  
O       1.750030        2.709335       -2.569588  
H       1.346511        0.975664       -3.586494  
C       2.993024       -0.970169       -2.431016  
C      -0.909212        2.651541        0.401861  
C       3.910466       -0.318726       -3.460782  
C       3.768175       -1.958641       -1.560157  
C       1.857512       -1.727898       -3.119293  
C      -1.543928        3.751155       -0.445561  
C      -1.648759        2.428300        1.722838  
C       0.522983        3.053865        0.745661  
C       3.339808        1.720322       -1.099830  
C       2.917995        2.815412       -1.875826  
C       3.617654        4.016098       -1.928174  
H       3.249593        4.828189       -2.546107  
C      -3.843642        0.484034       -0.941529  
C       5.208776        3.068974       -0.376027  
H       6.108477        3.170754        0.224839  
C       4.776521        4.128453       -1.171083  
H       5.345261        5.053168       -1.193335  
C      -2.480364        0.585434       -1.328552  
C      -2.158961        0.192777       -2.645792  
C      -3.071500       -0.357464       -3.534277  
C       4.501271        1.862105       -0.314224  
C      -4.748789       -0.116558       -1.828629  
H      -5.790453       -0.182734       -1.523162  
C      -4.371890       -0.553833       -3.094410  
H      -2.756519       -0.617348       -4.539335  
H      -5.106290       -1.004561       -3.755880  
Rh       0.670672       -0.469379        0.332825  
C      -2.592361       -3.363924       -2.161353  
C      -1.541988       -3.016873       -1.311595  
C      -1.700945       -3.146879        0.076614  
C      -2.911336       -3.593113        0.593026  
C      -3.984067       -3.868336       -0.266807  
C      -3.832646       -3.764750       -1.645215  
O      -2.505693       -3.369731       -3.520021  
H      -0.585550       -2.684109       -1.700785  
H      -3.051713       -3.729740        1.662049  
O      -5.144043       -4.235728        0.343875  
H      -4.631820       -4.002281       -2.338040  
C      -0.524155       -2.957281        0.990623  
H      -0.554755       -3.769810        1.733724  
C      -1.642366       -1.315329        2.596792  
H      -1.487185       -0.497518        3.307141  
H      -2.412737       -1.012763        1.885827  
H      -2.036682       -2.178345        3.151161  
N       0.691487       -1.981818        2.824610  
H       0.417118       -2.477697        3.666098  
C      -0.375275       -1.671882        1.859981  
C       1.946669       -2.143649        2.376776  
O       2.292602       -1.602965        1.296042  
C      -4.455792        1.153562        0.243566  
C       5.010042        0.822965        0.620467  
H       0.401971       -3.120613        0.422648  
H      -0.019907       -0.088216        1.695528  
C       2.878708       -3.021322        3.140218  
H       3.909500       -2.812631        2.857798  
H       2.758323       -2.903304        4.218905  
H       2.653648       -4.063901        2.891829  
H       1.005811        2.287324        1.355470  
H       1.135074        3.235574       -0.142586  
H       0.498521        3.988105        1.319139  
H      -1.103690        1.719959        2.358017  
H      -1.702803        3.379861        2.264062  
H      -2.667366        2.059521        1.597368  
H      -2.462978        3.436666       -0.939796  
H      -1.792647        4.606417        0.193538  
H      -0.850204        4.108119       -1.213965  
H       1.257543       -1.101023       -3.786438  
H       2.278601       -2.542135       -3.719632  
H       1.185300       -2.177066       -2.377930  
H       4.209323       -2.724858       -2.208014  
H       4.582664       -1.485788       -1.007666  
H       3.115725       -2.455602       -0.836176  
H       4.744095        0.208691       -2.987976  
H       4.332981       -1.095290       -4.108512  
H       3.384173        0.392505       -4.106723  
C      -6.295079       -4.364433       -0.478197  
H      -6.491884       -3.432614       -1.024049  
H      -6.188645       -5.188209       -1.193239  
H      -7.124838       -4.575195        0.195163  
C      -1.239564       -3.068143       -4.086566  
H      -0.920572       -2.049561       -3.833607  
H      -0.475637       -3.778773       -3.747621  
H      -1.363654       -3.151310       -5.165861  
C       4.436620        0.711813        1.902991  
C       6.127451        0.038088        0.267997  
C       6.032037       -1.061071        2.460140  
C       6.624552       -0.946382        1.199266  
C       4.964263       -0.245080        2.841758  
C       3.356064        1.539046        2.322402  
C       4.371011       -0.337772        4.134151  
H       6.419005       -1.797356        3.163445  
C       7.716184       -1.774835        0.807915  
C       6.780565        0.158080       -0.994643  
C      -4.824254        0.438101        1.402191  
C      -4.807241        2.520942        0.130851  
C      -5.453884        2.538991        2.498936  
C      -5.278345        3.229885        1.296955  
C      -5.296215        1.152338        2.564733  
C      -4.801699       -0.983576        1.453363  
C      -5.626302        0.413258        3.737771  
H      -5.783540        3.082639        3.382663  
C      -5.585609        4.617299        1.186347  
C      -4.767164        3.229799       -1.107113  
C       7.830958       -0.655795       -1.332164  
C       8.301747       -1.640611       -0.423949  
H       8.079361       -2.516260        1.515839  
H       6.434425        0.913030       -1.695713  
H       8.310448       -0.546025       -2.300757  
H       9.133806       -2.278991       -0.706495  
C       3.308185        0.453213        4.486231  
C       2.796685        1.407359        3.567382  
H       2.984648        2.290107        1.633189  
H       4.776249       -1.064193        4.835645  
H       2.860972        0.360761        5.472187  
H       1.963925        2.043902        3.858553  
C      -5.125498        4.551639       -1.183455  
C      -5.515076        5.263839       -0.019825  
H      -5.911264        5.144308        2.080325  
H      -4.457987        2.703028       -2.006925  
H      -5.104943        5.061245       -2.142872  
H      -5.773683        6.316245       -0.093076  
C      -5.577897       -0.956985        3.747380  
C      -5.186201       -1.663464        2.580234  
H      -4.485273       -1.526702        0.568148  
H      -5.953106        0.963224        4.617347  
H      -5.857449       -1.507301        4.641367  
H      -5.184017       -2.750714        2.575936  


135
α1cf2
P       0.971776       -1.604394        0.915971  
C      -0.051346       -3.050176        1.580896  
O       0.097777       -4.137029        0.662547  
H       0.337920       -3.368131        2.555745  
P      -2.176447       -1.587383        0.413748  
C      -1.534838       -2.796281        1.698326  
O      -1.801000       -2.253249        2.994316  
H      -2.051442       -3.761991        1.617714  
C      -3.274749       -2.689742       -0.678770  
C       1.945388       -1.089862        2.458321  
C      -4.340657       -3.393169        0.157603  
C      -3.935354       -1.876416       -1.790003  
C      -2.332404       -3.711656       -1.319777  
C       2.622219       -2.304119        3.098302  
C       2.980192       -0.025619        2.113940  
C       0.925580       -0.480913        3.425150  
C      -3.128121       -0.738770        1.726100  
C      -2.693700       -1.225372        2.972451  
C      -3.109816       -0.682082        4.183246  
H      -2.740295       -1.096749        5.115344  
C      -4.029995        0.345528        1.711613  
C      -4.453127        0.887481        2.931155  
H      -5.157972        1.714648        2.911716  
C      -3.994327        0.388241        4.149212  
H      -4.335725        0.833367        5.079088  
C       1.840950       -2.766822       -0.208974  
C       1.098889       -3.962973       -0.236302  
C       1.324400       -4.980533       -1.159766  
C       2.903059       -2.628888       -1.138461  
C       3.112712       -3.645607       -2.075628  
H       3.939842       -3.539814       -2.772717  
C       2.327386       -4.798745       -2.098895  
H       0.713425       -5.876543       -1.129593  
H       2.520490       -5.569967       -2.838354  
Rh      -0.332632       -0.256464       -0.320116  
C       3.655965        3.654333        0.876595  
C       3.032697        2.759158       -0.005238  
C       1.693961        2.427637        0.160330  
C       0.960345        3.013616        1.207375  
C       1.589882        3.894702        2.085406  
C       2.944202        4.225788        1.928175  
O       4.970908        3.897920        0.627891  
H       3.614898        2.324018       -0.811409  
H      -0.082796        2.743179        1.339304  
O       0.970720        4.483667        3.145243  
H       3.395722        4.910171        2.636267  
C       1.047829        1.480349       -0.816055  
H       1.833521        0.892548       -1.305610  
C       0.971615        3.539603       -2.368123  
H       0.390244        4.013162       -3.164892  
H       1.078964        4.256643       -1.552470  
H       1.976074        3.316300       -2.749342  
N      -0.003706        1.465761       -3.073589  
H       0.557957        1.616417       -3.900007  
C       0.265067        2.275521       -1.890471  
C      -0.959669        0.539178       -3.089200  
O      -1.627027        0.293354       -2.049047  
C      -4.596088        0.927766        0.464765  
C       3.940090       -1.562146       -1.083622  
H      -0.710540        2.555049       -1.477873  
H       0.197701        0.893143        0.572689  
C      -1.230581       -0.197871       -4.358912  
H      -0.619460        0.148589       -5.193527  
H      -1.047554       -1.264533       -4.199442  
H      -2.285604       -0.089560       -4.621730  
H       0.398137        0.369885        2.974792  
H       0.182736       -1.209444        3.763598  
H       1.459278       -0.110792        4.307705  
H       3.529966        0.238025        3.025296  
H       3.709564       -0.355453        1.373345  
H       2.503717        0.881548        1.745522  
H       3.183230       -2.901070        2.375236  
H       3.338071       -1.949017        3.848048  
H       1.916903       -2.959156        3.616354  
H      -1.911080       -4.411250       -0.593504  
H      -2.893493       -4.294480       -2.058814  
H      -1.499689       -3.224676       -1.844575  
H      -3.196818       -1.397632       -2.434356  
H      -4.542970       -2.556366       -2.399022  
H      -4.597977       -1.101710       -1.403839  
H      -5.006450       -2.679784        0.650670  
H      -4.956393       -4.015717       -0.502355  
H      -3.919882       -4.053603        0.921830  
C      -0.390089        4.148739        3.377236  
H      -1.025583        4.448832        2.534977  
H      -0.514280        3.073043        3.557100  
H      -0.688262        4.702289        4.266188  
C       5.637193        4.813190        1.486808  
H       5.174661        5.805877        1.443483  
H       5.637367        4.458316        2.523616  
H       6.662175        4.874623        1.123846  
C       3.988920       -0.520048       -2.032224  
C       4.991464       -1.721626       -0.150640  
C       6.021990        0.347784       -0.958919  
C       6.024795       -0.718513       -0.057852  
C       5.058015        0.449339       -1.964278  
C       3.038699       -0.395619       -3.090789  
C       5.104943        1.497783       -2.928260  
H       6.803667        1.102685       -0.894485  
C       7.032060       -0.849125        0.941332  
C       5.088315       -2.854158        0.710364  
C      -3.971127        2.028888       -0.153724  
C      -5.820471        0.430812       -0.032590  
C      -5.687631        2.007155       -1.905527  
C      -6.356422        0.962715       -1.261761  
C      -4.530481        2.574253       -1.366918  
C      -2.826310        2.671426        0.406531  
C      -3.906389        3.704098       -1.971435  
H      -6.095495        2.408062       -2.831815  
C      -7.555115        0.403658       -1.791058  
C      -6.550307       -0.602643        0.625385  
C       6.086240       -2.955772        1.645260  
C       7.058484       -1.931807        1.781101  
H       7.788278       -0.070972        1.013221  
H       4.358338       -3.653176        0.616954  
H       6.133704       -3.829387        2.289478  
H       7.833414       -2.020951        2.536643  
C       4.180980        1.573717       -3.936937  
C       3.144372        0.606523       -4.022015  
H       2.225899       -1.118159       -3.155966  
H       5.902972        2.232787       -2.849927  
H       4.237738        2.368764       -4.674968  
H       2.434022        0.657042       -4.844468  
C      -7.704448       -1.111491        0.086515  
C      -8.208519       -0.612506       -1.143026  
H      -7.942555        0.805368       -2.724460  
H      -6.179609       -0.986131        1.572504  
H      -8.240338       -1.901722        0.604840  
H      -9.120373       -1.030479       -1.559661  
C      -2.825442        4.309136       -1.386989  
C      -2.292003        3.792286       -0.176280  
H      -2.400273        2.275295        1.327657  
H      -4.328616        4.093774       -2.894975  
H      -2.369574        5.183649       -1.843384  
H      -1.432338        4.285199        0.273255  


135
β1cf1
P      -0.787640        1.069143       -0.453503  
C      -0.206171        1.411214       -2.201261  
O      -0.779214        0.321184       -2.941413  
H      -0.637543        2.351342       -2.576816  
P       2.225960        0.385954       -1.170504  
C       1.280030        1.384633       -2.450313  
O       1.777266        2.727665       -2.449091  
H       1.444767        0.967217       -3.453204  
C       3.017184       -0.980297       -2.225889  
C      -0.837710        2.723927        0.456435  
C       3.953107       -0.364384       -3.263064  
C       3.789951       -1.959316       -1.343101  
C       1.871501       -1.733289       -2.905121  
C      -1.372660        3.827917       -0.451058  
C      -1.651437        2.586678        1.745145  
C       0.595487        3.058374        0.862085  
C       3.434141        1.750206       -1.056645  
C       2.985021        2.838018       -1.822393  
C       3.698509        4.026741       -1.926223  
H       3.313929        4.839658       -2.533128  
C      -3.772340        0.464397       -0.844349  
C       5.364572        3.067323       -0.455081  
H       6.299376        3.161967        0.090905  
C       4.901824        4.124927       -1.236425  
H       5.482765        5.040023       -1.301043  
C      -2.405172        0.564982       -1.220072  
C      -2.053043        0.085783       -2.500906  
C      -2.933565       -0.576641       -3.345726  
C       4.638616        1.875024       -0.338959  
C      -4.646592       -0.232142       -1.689471  
H      -5.693184       -0.291462       -1.399687  
C      -4.234518       -0.769568       -2.905905  
H      -2.596413       -0.914794       -4.319978  
H      -4.946799       -1.297648       -3.534336  
Rh       0.695984       -0.441317        0.432557  
C      -4.333968       -3.788228       -0.414495  
C      -3.347344       -3.601422        0.565616  
C      -2.019180       -3.445373        0.192864  
C      -1.658190       -3.479314       -1.164486  
C      -2.645509       -3.691446       -2.127356  
C      -3.987566       -3.854933       -1.759530  
O      -5.609881       -3.886426        0.046114  
H      -3.636413       -3.585587        1.613500  
H      -0.612044       -3.378693       -1.438823  
O      -2.406612       -3.757213       -3.465991  
H      -4.721560       -4.004002       -2.542586  
C      -0.958673       -3.290199        1.243273  
H      -1.287093       -3.808344        2.157094  
C      -1.714949       -1.073833        2.254639  
H      -1.364789       -0.171204        2.761947  
H      -2.409906       -0.781188        1.463829  
H      -2.289487       -1.672355        2.979407  
N       0.460333       -2.088484        2.732567  
H       0.125032       -2.637702        3.520888  
C      -0.563208       -1.853530        1.680758  
C       1.747624       -2.274144        2.397728  
O       2.208075       -1.734182        1.361717  
C      -4.419980        1.254569        0.243309  
C       5.148461        0.817119        0.570640  
H      -0.042718       -3.795271        0.910013  
H      -0.337267       -1.573752        0.120629  
C       2.587464       -3.172765        3.241916  
H       3.643508       -3.020770        3.024196  
H       2.405438       -3.014813        4.307266  
H       2.324899       -4.210680        3.010279  
H       0.992220        2.294991        1.534785  
H       1.267816        3.160571        0.005381  
H       0.599159        4.015723        1.396030  
H      -2.670226        2.233413        1.584826  
H      -1.158890        1.906317        2.447780  
H      -1.711936        3.569091        2.227378  
H      -2.307859        3.562249       -0.944676  
H      -1.564865        4.723388        0.151541  
H      -0.641258        4.098799       -1.219162  
H       1.328931       -1.123735       -3.634656  
H       2.278859       -2.600761       -3.437220  
H       1.145473       -2.095105       -2.165985  
H       4.263767       -2.707838       -1.988890  
H       4.580958       -1.472816       -0.766711  
H       3.132818       -2.477394       -0.641976  
H       4.811798        0.123759       -2.791148  
H       4.336413       -1.158809       -3.913520  
H       3.457496        0.372108       -3.904779  
C      -1.077786       -3.506828       -3.898611  
H      -0.743179       -2.509416       -3.584896  
H      -0.379650       -4.258400       -3.510532  
H      -1.099079       -3.558745       -4.986668  
C      -6.641698       -3.994833       -0.924755  
H      -6.630275       -3.137074       -1.608164  
H      -6.548300       -4.920200       -1.504454  
H      -7.578210       -4.006905       -0.369087  
C       4.483594        0.578653        1.791681  
C       6.320727        0.098049        0.246614  
C       6.133096       -1.138797        2.360627  
C       6.805909       -0.913096        1.155538  
C       4.994173       -0.409493        2.706933  
C       3.325625        1.312729        2.177043  
C       4.318973       -0.611068        3.945724  
H       6.511863       -1.895061        3.046720  
C       7.961548       -1.665731        0.798760  
C       7.028926        0.293906       -0.976010  
C      -4.874976        0.669234        1.444591  
C      -4.717943        2.613196       -0.027145  
C      -5.519464        2.885228        2.276809  
C      -5.244825        3.447355        1.027257  
C      -5.401685        1.510575        2.493530  
C      -4.882877       -0.739386        1.652001  
C      -5.821666        0.908516        3.715543  
H      -5.894602        3.521924        3.076323  
C      -5.507894        4.822056        0.757659  
C      -4.576850        3.193179       -1.324283  
C       8.136780       -0.454222       -1.284356  
C       8.611805       -1.446336       -0.387408  
H       8.317084       -2.422798        1.493938  
H       6.679263        1.049866       -1.674095  
H       8.655606       -0.287960       -2.224286  
H       9.490297       -2.029979       -0.646341  
C       3.181810        0.086274        4.259336  
C       2.678336        1.062662        3.360021  
H       2.974988        2.100330        1.519597  
H       4.721007       -1.349843        4.635782  
H       2.670360       -0.094791        5.201210  
H       1.789226        1.631017        3.626406  
C      -4.896051        4.506716       -1.556516  
C      -5.342370        5.341170       -0.499676  
H      -5.877099        5.443019        1.570751  
H      -4.224336        2.573776       -2.145668  
H      -4.799357        4.915248       -2.558548  
H      -5.569224        6.385025       -0.696076  
C      -5.797136       -0.451955        3.878135  
C      -5.343257       -1.285084        2.821994  
H      -4.528518       -1.384773        0.852914  
H      -6.192894        1.555714        4.506870  
H      -6.141493       -0.898256        4.806734  
H      -5.361387       -2.365727        2.942892  


135
β1cf2
P      -0.776207        1.044712       -0.485997  
C      -0.220069        1.266282       -2.261400  
O      -0.805598        0.133068       -2.919534  
H      -0.654373        2.181512       -2.691525  
P       2.218473        0.294245       -1.201837  
C       1.260626        1.218580       -2.527754  
O       1.757065        2.558632       -2.609825  
H       1.415370        0.741586       -3.505282  
C       2.968404       -1.154173       -2.176192  
C      -0.796276        2.754915        0.317377  
C       3.916796       -0.626692       -3.250023  
C       3.718582       -2.092707       -1.232275  
C       1.805850       -1.920480       -2.813191  
C      -1.311624        3.806999       -0.661119  
C      -1.611780        2.721661        1.611164  
C       0.643767        3.087265        0.705818  
C       3.440557        1.654401       -1.200387  
C       2.978823        2.697821       -2.018828  
C       3.692299        3.875115       -2.209819  
H       3.295826        4.650556       -2.856693  
C      -3.772615        0.446977       -0.810049  
C       5.386522        3.000213       -0.720073  
H       6.333656        3.123411       -0.201570  
C       4.910909        4.010568       -1.554296  
H       5.493468        4.917257       -1.687840  
C      -2.407658        0.503689       -1.201370  
C      -2.073952       -0.063495       -2.450677  
C      -2.971229       -0.765752       -3.244817  
C       4.659808        1.820176       -0.516034  
C      -4.666582       -0.284041       -1.603727  
H      -5.712238       -0.303442       -1.305842  
C      -4.273320       -0.902638       -2.787542  
H      -2.640449       -1.169191       -4.196266  
H      -5.005211       -1.444083       -3.381856  
Rh       0.720853       -0.397870        0.486551  
C      -2.541027       -3.804979       -1.845288  
C      -1.574127       -3.545231       -0.871440  
C      -1.952586       -3.410576        0.465349  
C      -3.295791       -3.520224        0.822127  
C      -4.259580       -3.759887       -0.161479  
C      -3.891310       -3.924603       -1.500708  
O      -2.075975       -3.942915       -3.117294  
H      -0.528602       -3.491911       -1.163738  
H      -3.606797       -3.433342        1.860286  
O      -5.547149       -3.815177        0.275858  
H      -4.638978       -4.119408       -2.258251  
C      -0.905922       -3.191326        1.516776  
H      -1.245178       -3.641916        2.462134  
C      -1.680367       -0.924201        2.366124  
H      -1.355510        0.029998        2.788804  
H      -2.388060       -0.724435        1.558049  
H      -2.234201       -1.471262        3.145379  
N       0.515744       -1.875824        2.905140  
H       0.192296       -2.373929        3.731717  
C      -0.517443       -1.725345        1.848085  
C       1.798487       -2.086967        2.564150  
O       2.245724       -1.614931        1.490022  
C      -4.399395        1.317216        0.226490  
C       5.188492        0.817399        0.444597  
H       0.011503       -3.720305        1.228011  
H      -0.294567       -1.566433        0.267664  
C       2.646971       -2.934810        3.450731  
H       2.363683       -3.982194        3.300246  
H       3.698892       -2.814930        3.197101  
H       2.493165       -2.699336        4.506265  
H       1.019326        2.373250        1.443328  
H       1.325349        3.105403       -0.149851  
H       0.664935        4.084243        1.161148  
H      -2.650087        2.423745        1.466767  
H      -1.158931        2.045405        2.343597  
H      -1.611303        3.726866        2.048008  
H      -2.234462        3.510355       -1.161483  
H      -1.521538        4.734054       -0.114698  
H      -0.563417        4.037075       -1.426387  
H       1.295115       -1.354942       -3.597983  
H       2.196053       -2.837168       -3.269133  
H       1.054574       -2.204225       -2.067227  
H       4.175247       -2.892087       -1.827612  
H       4.520932       -1.586306       -0.688498  
H       3.049489       -2.549706       -0.499578  
H       4.796569       -0.145476       -2.811298  
H       4.266295       -1.467969       -3.859375  
H       3.439273        0.090950       -3.926394  
C      -6.563811       -4.012602       -0.696432  
H      -6.561983       -3.207412       -1.441023  
H      -6.449547       -4.977334       -1.203799  
H      -7.506645       -3.999677       -0.151485  
C      -3.018914       -4.257235       -4.130532  
H      -3.508565       -5.218230       -3.935720  
H      -3.784098       -3.476173       -4.223061  
H      -2.453063       -4.318345       -5.059177  
C       6.340402        0.064510        0.125360  
C       4.568663        0.671514        1.703038  
C       6.221173       -1.027862        2.321265  
C       5.104314       -0.261895        2.661566  
C       6.849799       -0.891477        1.079778  
C       7.006568        0.175740       -1.130844  
C       7.983699       -1.679813        0.729771  
H       6.616718       -1.743246        3.040739  
C       4.476011       -0.374406        3.935424  
C       3.432781        1.443210        2.082913  
C      -4.684891        2.657419       -0.134447  
C      -4.846943        0.818365        1.467219  
C      -5.481196        3.089336        2.145622  
C      -5.369046        1.731711        2.456578  
C      -5.201181        3.565124        0.861768  
C      -4.535267        3.146376       -1.466943  
C      -5.446876        4.922153        0.500454  
H      -5.854556        3.780408        2.899240  
C      -5.790937        1.215041        3.716260  
C      -4.853408       -0.572736        1.770661  
C       2.831567        1.279341        3.304774  
C       3.360550        0.358278        4.246694  
H       4.895088       -1.074432        4.655132  
H       3.055520        2.185184        1.387393  
H       1.957729        1.872609        3.566472  
H       2.884960        0.246358        5.217570  
C       8.591038       -1.544554       -0.491288  
C       8.094544       -0.603880       -1.430929  
H       6.640454        0.893325       -1.860048  
H       8.357485       -2.395433        1.458365  
H       9.453616       -2.154007       -0.744142  
H       8.581821       -0.501521       -2.396396  
C      -5.312338       -1.036017        2.976195  
C      -5.767596       -0.131307        3.971499  
H      -6.162448        1.914918        4.461084  
H      -4.500024       -1.271752        1.016976  
H      -5.328951       -2.105741        3.171372  
H      -6.113171       -0.512766        4.928038  
C      -5.271460        5.354531       -0.787952  
C      -4.834870        4.446475       -1.786693  
H      -4.188815        2.469510       -2.244105  
H      -5.809725        5.601042        1.268906  
H      -5.483256        6.386354       -1.052830  
H      -4.730495        4.786881       -2.813189  


135
α1cf3
P       1.016091       -1.415872        1.252133  
C       0.005871       -2.652132        2.258917  
O       0.774852       -3.863760        2.335648  
H      -0.098104       -2.273956        3.282385  
P      -1.983535       -1.769854        0.441414  
C      -1.382532       -2.976809        1.730483  
O      -2.328488       -3.015434        2.811843  
H      -1.353501       -3.986765        1.312483  
C      -2.784517       -2.956975       -0.813453  
C       2.085322       -0.681962        2.632177  
C      -3.927260       -3.720236       -0.149398  
C      -3.275466       -2.183739       -2.034411  
C      -1.695672       -3.927394       -1.280808  
C       2.561149       -1.750199        3.620254  
C       3.316801       -0.060516        1.983054  
C       1.235272        0.352177        3.367808  
C      -3.266774       -1.192578        1.606018  
C      -3.241936       -2.009738        2.751495  
C      -4.117443       -1.834062        3.819317  
H      -4.064365       -2.498607        4.674961  
C      -4.183499       -0.122043        1.564672  
C      -5.054669        0.058202        2.645119  
H      -5.761226        0.883150        2.607280  
C      -5.029371       -0.789304        3.751334  
H      -5.720437       -0.625457        4.572934  
C       2.020633       -2.798541        0.610084  
C       1.714874       -3.952172        1.353802  
C       2.362643       -5.167046        1.153997  
C       3.035038       -2.865028       -0.368135  
C       3.680273       -4.094091       -0.567301  
H       4.454535       -4.155804       -1.327045  
C       3.348445       -5.224476        0.177438  
H       2.090463       -6.030028        1.752031  
H       3.865213       -6.161216       -0.009025  
Rh      -0.307306       -0.206077       -0.143394  
C       1.973931        4.006687        2.100384  
C       1.185490        3.166890        1.307487  
C       1.738044        2.473437        0.234993  
C       3.102451        2.624629       -0.055387  
C       3.888771        3.441453        0.761661  
C       3.333164        4.151274        1.834178  
O       1.326726        4.627733        3.123696  
H       0.130009        3.062796        1.543329  
H       3.532700        2.079140       -0.891617  
O       5.230923        3.608211        0.601049  
H       3.986851        4.766367        2.440824  
C       0.847945        1.677956       -0.672061  
H       1.452955        1.148619       -1.423421  
C       0.512906        3.958949       -1.816605  
H      -0.216201        4.571566       -2.356165  
H       0.866519        4.534134       -0.960977  
H       1.370167        3.770052       -2.474571  
N      -0.733604        2.089028       -2.590674  
H      -0.544106        2.556142       -3.466499  
C      -0.133352        2.646103       -1.380678  
C      -1.646774        1.119994       -2.572639  
O      -1.894408        0.484185       -1.518257  
C      -4.294740        0.845840        0.440753  
C       3.463815       -1.727319       -1.228039  
H      -0.957837        2.863626       -0.687208  
H      -0.058855        1.091529        0.690302  
C      -2.389305        0.811768       -3.832937  
H      -2.205586        1.543213       -4.621689  
H      -2.108849       -0.180064       -4.199474  
H      -3.459632        0.777046       -3.613847  
H       0.897385        1.154762        2.707018  
H       0.350577       -0.100943        3.832610  
H       1.829074        0.806918        4.169284  
H       3.065753        0.591003        1.146818  
H       3.863209        0.540732        2.719665  
H       3.996995       -0.836806        1.618609  
H       3.126569       -2.548279        3.128327  
H       3.237945       -1.265586        4.333180  
H       1.753820       -2.202111        4.202236  
H      -1.383643       -4.644270       -0.515940  
H      -2.080365       -4.509412       -2.125307  
H      -0.806461       -3.392298       -1.630116  
H      -2.431724       -1.776001       -2.597255  
H      -3.828054       -2.866778       -2.690731  
H      -3.932283       -1.350739       -1.780317  
H      -4.743500       -3.055859        0.148787  
H      -4.334483       -4.449699       -0.858884  
H      -3.599103       -4.273028        0.737912  
C       5.885340        2.687264       -0.258406  
H       5.668399        1.655108        0.044114  
H       5.586895        2.823373       -1.305854  
H       6.953500        2.880607       -0.160843  
C       2.095236        5.492600        3.949182  
H       2.894541        4.945684        4.462211  
H       2.533064        6.311553        3.367326  
H       1.403232        5.899206        4.685137  
C       4.795797       -1.251909       -1.151016  
C       2.601403       -1.240971       -2.234897  
C       4.363398        0.264338       -3.033694  
C       3.051605       -0.203638       -3.130915  
C       5.254796       -0.259603       -2.094156  
C       5.731699       -1.723768       -0.181147  
C       6.620142        0.150071       -2.065629  
H       4.711637        1.023344       -3.732724  
C       2.165144        0.271048       -4.142028  
C       1.306500       -1.795339       -2.458602  
C      -5.190585        0.587857       -0.615641  
C      -3.619449        2.081977        0.515359  
C      -4.577671        2.724832       -1.648890  
C      -3.785052        3.048126       -0.543657  
C      -5.294375        1.526481       -1.705744  
C      -6.030162       -0.565644       -0.640716  
C      -6.155762        1.217470       -2.799039  
H      -4.675353        3.442983       -2.462214  
C      -3.159935        4.323708       -0.420919  
C      -2.809932        2.443100        1.632953  
C       0.497454       -1.341741       -3.469817  
C       0.924195       -0.283926       -4.314683  
H       2.512414        1.066480       -4.798047  
H       0.983855       -2.622625       -1.833476  
H      -0.469213       -1.813987       -3.636398  
H       0.270554        0.072625       -5.106961  
C       7.491906       -0.356265       -1.138866  
C       7.033446       -1.291516       -0.174974  
H       5.404461       -2.443841        0.563999  
H       6.951356        0.883894       -2.797638  
H       8.529468       -0.035303       -1.128771  
H       7.722861       -1.670879        0.573731  
C      -2.254852        3.694870        1.730270  
C      -2.427781        4.647953        0.692295  
H      -3.289686        5.041798       -1.228152  
H      -2.658456        1.718852        2.430785  
H      -1.667902        3.960128        2.605474  
H      -1.966696        5.628106        0.781357  
C      -6.916868        0.076744       -2.801317  
C      -6.868299       -0.814053       -1.696455  
H      -6.001894       -1.252013        0.201895  
H      -6.208635        1.920380       -3.628038  
H      -7.574323       -0.139682       -3.638470  
H      -7.498920       -1.698584       -1.691460  


