L5, R, TS1
135
α1cf4
P      -1.008720       -1.154423       -1.286960  
C       0.191132       -2.313642       -2.133615  
O      -0.550373       -3.412669       -2.680105  
H       0.677202       -1.803708       -2.974808  
P       2.000237       -1.583512       -0.102935  
C       1.260444       -2.878970       -1.209409  
O       2.311123       -3.449772       -2.007868  
H       0.826375       -3.693587       -0.620048  
C       2.599589       -2.573388        1.401270  
C      -1.673386       -0.171998       -2.778939  
C       3.676530       -3.579509        0.996179  
C       3.167807       -1.580985        2.414562  
C       1.403071       -3.314382        2.005364  
C      -2.116414       -1.085339       -3.922777  
C      -2.872307        0.639866       -2.298002  
C      -0.572054        0.756511       -3.285848  
C       3.419326       -1.493183       -1.238340  
C       3.372335       -2.598960       -2.107762  
C       4.378411       -2.864466       -3.030212  
H       4.303392       -3.728812       -3.681243  
C       4.517641       -0.617839       -1.305034  
C       5.526821       -0.885546       -2.238391  
H       6.373975       -0.207414       -2.296616  
C       5.460127       -1.993332       -3.082470  
H       6.258208       -2.173812       -3.796447  
C      -2.169487       -2.568112       -1.156303  
C      -1.724077       -3.594172       -2.012328  
C      -2.452751       -4.756790       -2.235501  
C      -3.399837       -2.731475       -0.490987  
C      -4.134565       -3.901996       -0.723052  
H      -5.081787       -4.029099       -0.205578  
C      -3.671548       -4.895887       -1.583245  
H      -2.065910       -5.516588       -2.906127  
H      -4.263797       -5.793016       -1.737666  
Rh       0.394280        0.088424        0.325943  
C      -3.738310        3.892845       -0.001721  
C      -2.940226        2.973493        0.686412  
C      -1.631406        2.710105        0.250790  
C      -1.127648        3.369607       -0.881047  
C      -1.961431        4.247585       -1.584808  
C      -3.260921        4.513138       -1.152205  
O      -4.995714        4.241477        0.385659  
H      -3.316376        2.454524        1.562335  
H      -0.124463        3.152189       -1.235025  
O      -1.598766        4.907909       -2.719132  
H      -3.883145        5.212458       -1.699846  
C      -0.892547        1.728038        1.064975  
H      -1.557553        1.171464        1.725595  
C       1.196489        3.204822        1.357843  
H       2.197739        3.143614        1.791668  
H       1.310151        3.381822        0.289885  
H       0.673896        4.066336        1.789234  
N       0.586659        1.496158        2.984810  
H       0.984323        2.144743        3.650439  
C       0.408809        1.955248        1.633745  
C       0.251572        0.246905        3.372091  
O      -0.098092       -0.595690        2.523827  
C       4.671312        0.598312       -0.461379  
C      -3.950476       -1.755004        0.487053  
H       1.586112        0.957538        0.968913  
H       0.864292        0.770087       -0.971717  
C       0.339870       -0.077102        4.826211  
H      -0.629492        0.107591        5.298189  
H       0.576800       -1.135361        4.948401  
H       1.086930        0.531500        5.339980  
C      -0.282182        4.706746       -3.199557  
H       0.460588        4.994790       -2.446147  
H      -0.120683        3.660457       -3.486064  
H      -0.176687        5.342808       -4.077509  
C      -5.376077        3.902511        1.711958  
H      -5.408749        2.818420        1.858035  
H      -4.684973        4.342296        2.440356  
H      -6.374435        4.314358        1.854323  
H      -0.259680        1.473988       -2.523778  
H       0.317128        0.216554       -3.632057  
H      -0.958744        1.324406       -4.140691  
H      -3.209143        1.304039       -3.103287  
H      -3.711690       -0.007796       -2.036285  
H      -2.636526        1.260476       -1.431705  
H      -2.893923       -1.791787       -3.615807  
H      -2.542957       -0.456664       -4.712647  
H      -1.289604       -1.648458       -4.364473  
H       1.064864       -4.143915        1.376006  
H       1.713918       -3.751832        2.961684  
H       0.557628       -2.651692        2.204952  
H       2.418788       -0.850386        2.728065  
H       3.507453       -2.124308        3.303759  
H       4.026562       -1.034686        2.015254  
H       4.569020       -3.092452        0.590929  
H       3.981359       -4.144372        1.884565  
H       3.315038       -4.300537        0.256177  
C      -5.071328       -0.966437        0.146812  
C      -3.451832       -1.755995        1.809233  
C      -5.084670       -0.025374        2.411790  
C      -4.030140       -0.863482        2.785457  
C      -5.636418       -0.071898        1.128909  
C      -5.697333       -1.031108       -1.135045  
C      -6.770953        0.715406        0.774174  
H      -5.521509        0.640627        3.155567  
C      -3.561255       -0.914421        4.130124  
C      -2.455067       -2.676929        2.248868  
C       4.055932        1.802531       -0.866390  
C       5.563451        0.586553        0.632596  
C       5.159880        2.980508        0.980144  
C       5.769405        1.794415        1.395577  
C       4.342595        3.022793       -0.151818  
C       3.203173        1.879754       -2.007695  
C       3.810363        4.251850       -0.637136  
H       5.353872        3.899462        1.531003  
C       6.629338        1.757802        2.531835  
C       6.285155       -0.581438        1.024333  
C      -2.067264       -2.727396        3.562276  
C      -2.620341       -1.833605        4.514167  
H      -4.000396       -0.232419        4.855225  
H      -2.011974       -3.359608        1.527394  
H      -1.316116       -3.447473        3.877919  
H      -2.297298       -1.884918        5.550594  
C      -7.330471        0.633302       -0.473275  
C      -6.787723       -0.257030       -1.436651  
H      -5.296824       -1.710398       -1.883592  
H      -7.197401        1.375166        1.526755  
H      -8.196940        1.237595       -0.725240  
H      -7.243733       -0.326269       -2.420189  
C       7.116513       -0.572099        2.114606  
C       7.283133        0.607668        2.887161  
H       6.765718        2.672970        3.103585  
H       6.165060       -1.492606        0.443615  
H       7.652990       -1.475045        2.392233  
H       7.939296        0.595624        3.752452  
C       3.028699        4.287850       -1.761605  
C       2.709606        3.083227       -2.443998  
H       2.963180        0.969330       -2.551664  
H       4.049103        5.165607       -0.097482  
H       2.657760        5.237611       -2.136331  
H       2.089851        3.114754       -3.336577  


135
α1cf2
P      -0.917899       -1.110579       -1.278937  
C       0.307472       -2.210554       -2.168414  
O      -0.412530       -3.293131       -2.774879  
H       0.793245       -1.649994       -2.977550  
P       2.116991       -1.524040       -0.136488  
C       1.375285       -2.802945       -1.260309  
O       2.425686       -3.353949       -2.075443  
H       0.944139       -3.630945       -0.688517  
C       2.799089       -2.543125        1.315997  
C      -1.577146       -0.072437       -2.738423  
C       3.930773       -3.464518        0.860107  
C       3.325519       -1.567414        2.368250  
C       1.658289       -3.386617        1.896796  
C      -1.894915       -0.937911       -3.958860  
C      -2.856277        0.622563       -2.284290  
C      -0.517179        0.957029       -3.122714  
C       3.492021       -1.372690       -1.317854  
C       3.460841       -2.473307       -2.192573  
C       4.456534       -2.699371       -3.136588  
H       4.398445       -3.561896       -3.791792  
C       4.550383       -0.452680       -1.410433  
C       5.550216       -0.679725       -2.363233  
H       6.366483        0.033239       -2.443407  
C       5.506673       -1.790896       -3.205793  
H       6.295830       -1.941946       -3.936276  
C      -2.056446       -2.547304       -1.228061  
C      -1.588076       -3.524620       -2.126688  
C      -2.294804       -4.689155       -2.404994  
C      -3.279745       -2.767955       -0.566688  
C      -3.990455       -3.941909       -0.850679  
H      -4.932485       -4.114118       -0.336651  
C      -3.509447       -4.883407       -1.758838  
H      -1.893164       -5.410337       -3.108541  
H      -4.083071       -5.784521       -1.954858  
Rh       0.457633        0.070879        0.396849  
C      -3.998345        3.398565        0.277974  
C      -3.091328        2.541629        0.913565  
C      -1.750878        2.504719        0.522413  
C      -1.313210        3.333934       -0.528373  
C      -2.237787        4.154467       -1.174640  
C      -3.583431        4.197666       -0.782242  
O      -5.261977        3.388373        0.773362  
H      -3.450340        1.906787        1.718848  
H      -0.283678        3.285986       -0.865976  
O      -1.933456        4.966029       -2.225288  
H      -4.256050        4.862372       -1.311455  
C      -0.906410        1.563808        1.274137  
H      -1.504091        0.911723        1.911802  
C       1.075969        3.181371        1.629577  
H       2.083403        3.166449        2.053441  
H       1.167653        3.441597        0.576811  
H       0.493819        3.967186        2.124252  
N       0.629175        1.326664        3.142357  
H       1.004985        1.953749        3.840893  
C       0.389133        1.858452        1.827050  
C       0.376916        0.036706        3.450386  
O       0.061320       -0.765498        2.551348  
C       4.629233        0.772868       -0.572136  
C      -3.842566       -1.847634        0.457174  
H       1.600844        0.986036        1.078207  
H       0.898817        0.836647       -0.864484  
C       0.514623       -0.381357        4.876042  
H       1.271246        0.202597        5.404092  
H      -0.440129       -0.240166        5.391244  
H       0.769366       -1.441482        4.918454  
C      -0.567693        5.063373       -2.588784  
H       0.037005        5.406244       -1.740500  
H      -0.176797        4.100714       -2.942684  
H      -0.515796        5.793393       -3.395917  
C      -6.235431        4.163461        0.089728  
H      -6.001598        5.233092        0.140566  
H      -6.317987        3.858629       -0.960155  
H      -7.181102        3.974338        0.597524  
H      -0.330125        1.672198       -2.317678  
H       0.440112        0.498826       -3.401040  
H      -0.872143        1.521537       -3.993828  
H      -3.195232        1.309079       -3.069806  
H      -3.656156       -0.100879       -2.113953  
H      -2.721782        1.204278       -1.370365  
H      -2.630397       -1.717904       -3.737114  
H      -2.330249       -0.290318       -4.728507  
H      -1.007839       -1.408796       -4.391420  
H       1.392845       -4.225346        1.245268  
H       1.995774       -3.819338        2.846129  
H       0.760227       -2.800184        2.104578  
H       2.549047       -0.882036        2.713228  
H       3.691012       -2.131984        3.233850  
H       4.159841       -0.970332        1.990770  
H       4.790970       -2.908062        0.474592  
H       4.273429       -4.048262        1.722127  
H       3.607452       -4.172438        0.090621  
C      -4.978786       -1.063967        0.157558  
C      -3.332380       -1.894430        1.774260  
C      -4.982215       -0.209341        2.455851  
C      -3.917214       -1.050530        2.789931  
C      -5.541685       -0.210090        1.176184  
C      -5.621463       -1.092491       -1.117193  
C      -6.675333        0.592170        0.859383  
H      -5.414233        0.432183        3.222972  
C      -3.437380       -1.147257        4.128477  
C      -2.318059       -2.816432        2.170989  
C       3.921779        1.925847       -0.974832  
C       5.490667        0.816568        0.543772  
C       4.845019        3.149321        0.939233  
C       5.558493        2.017395        1.341476  
C       4.064415        3.146092       -0.219603  
C       3.106877        1.951763       -2.145732  
C       3.429526        4.330316       -0.693765  
H       4.927043        4.065091        1.522946  
C       6.386564        2.028841        2.501614  
C       6.311416       -0.288046        0.923183  
C      -1.918951       -2.911590        3.478483  
C      -2.478741       -2.065077        4.469388  
H      -3.881828       -0.500994        4.882615  
H      -1.871286       -3.467268        1.422440  
H      -1.154295       -3.631802        3.759808  
H      -2.147639       -2.153178        5.500912  
C      -7.254021        0.542231       -0.380444  
C      -6.723168       -0.318825       -1.376653  
H      -5.226446       -1.743829       -1.893066  
H      -7.071029        1.248437        1.631038  
H      -8.119786        1.158631       -0.606636  
H      -7.194790       -0.362753       -2.354595  
C       7.112136       -0.229859        2.034524  
C       7.140548        0.936539        2.843618  
H       6.417593        2.934001        3.103601  
H       6.294182       -1.188882        0.314922  
H       7.727899       -1.083697        2.302240  
H       7.771766        0.962426        3.726962  
C       2.691093        4.321959       -1.847883  
C       2.514678        3.112960       -2.572366  
H       2.978754        1.037826       -2.720829  
H       3.559451        5.248578       -0.124786  
H       2.251237        5.243215       -2.218335  
H       1.923933        3.112201       -3.485444  


135
β1cf2
P       2.075225       -1.879626        0.163886  
C       1.513130       -3.541614       -0.555932  
O       2.292038       -3.801175       -1.735301  
H       1.749345       -4.337184        0.156755  
P      -0.963389       -2.080900       -0.821199  
C       0.028129       -3.673109       -0.892822  
O      -0.580300       -4.585523        0.031855  
H      -0.047703       -4.117341       -1.894620  
C      -1.258369       -1.710137       -2.648048  
C       3.282455       -2.495473        1.500885  
C      -2.159899       -2.766618       -3.278598  
C      -1.828581       -0.301312       -2.793931  
C       0.115430       -1.733865       -3.324129  
C       4.455474       -3.243928        0.872859  
C       3.778536       -1.289058        2.294265  
C       2.518381       -3.430150        2.445862  
C      -2.317920       -2.958607        0.009494  
C      -1.859307       -4.242075        0.356681  
C      -2.636061       -5.143847        1.077948  
H      -2.245797       -6.129410        1.308520  
C       3.759084       -0.454155       -1.815342  
C      -4.345296       -3.438920        1.231803  
H      -5.311605       -3.111538        1.606210  
C      -3.895782       -4.732694        1.494373  
H      -4.525201       -5.418261        2.054057  
C       3.062918       -1.585660       -1.342232  
C       3.043495       -2.742428       -2.141747  
C       3.729497       -2.839473       -3.347327  
C      -3.563671       -2.524848        0.517297  
C       4.437955       -0.550771       -3.036944  
H       4.980313        0.320012       -3.395723  
C       4.434165       -1.726188       -3.785594  
H       3.685376       -3.758205       -3.922541  
H       4.975063       -1.768014       -4.726402  
Rh       0.085596       -0.561078        0.568689  
C      -1.003484        4.925872        0.834251  
C      -0.604202        3.734610        1.445044  
C      -0.930608        2.509302        0.856038  
C      -1.643051        2.487559       -0.339236  
C      -2.049304        3.681564       -0.935140  
C      -1.745848        4.915730       -0.352408  
O      -0.615029        6.068910        1.463719  
H      -0.052156        3.783803        2.378714  
H      -1.906668        1.550961       -0.816793  
O      -2.735110        3.543107       -2.102941  
H      -2.049555        5.841986       -0.823472  
C      -0.635648        1.265575        1.625524  
H      -1.457335        0.960452        2.276144  
C       1.861764        1.776052        1.932297  
H       2.782317        1.197731        1.824916  
H       1.736925        2.389811        1.041708  
H       1.997533        2.458262        2.784215  
N       0.651576        0.178410        3.371136  
H       1.015939        0.649013        4.191204  
C       0.656377        0.913410        2.123558  
C       0.050078       -1.014224        3.527269  
O      -0.395965       -1.647092        2.542464  
C       3.847109        0.862442       -1.119639  
C      -4.040540       -1.117151        0.414254  
H      -1.366639        0.117387        0.511605  
H       0.448328        0.276222       -0.683323  
C      -0.016616       -1.596708        4.901443  
H       0.735101       -2.387272        4.991002  
H       0.157015       -0.861783        5.688533  
H      -0.991502       -2.064780        5.047920  
C      -3.199282        4.725641       -2.735529  
H      -3.890293        5.279196       -2.088270  
H      -2.366505        5.379959       -3.021029  
H      -3.725272        4.400443       -3.632444  
C      -0.923060        7.301773        0.829755  
H      -0.470422        7.357365       -0.168101  
H      -2.005817        7.449140        0.745736  
H      -0.500979        8.079875        1.464134  
H       1.535318       -3.037118        2.719500  
H       2.372893       -4.429418        2.026119  
H       3.101422       -3.555198        3.365119  
H       2.961708       -0.813446        2.846052  
H       4.528358       -1.618267        3.023049  
H       4.253491       -0.535932        1.658302  
H       5.062347       -2.598810        0.231161  
H       5.103481       -3.624557        1.670866  
H       4.131009       -4.104758        0.277787  
H       0.549874       -2.736547       -3.378334  
H       0.007834       -1.371156       -4.352344  
H       0.827824       -1.073361       -2.817802  
H      -2.024012       -0.097355       -3.852902  
H      -2.765730       -0.159271       -2.251082  
H      -1.107763        0.442204       -2.435258  
H      -3.144232       -2.802516       -2.809868  
H      -2.302633       -2.530865       -4.339336  
H      -1.721017       -3.768614       -3.224649  
C      -4.697520       -0.655311       -0.743488  
C      -3.886968       -0.256808        1.529949  
C      -4.798082        1.601212        0.207072  
C      -4.273711        1.129533        1.413514  
C      -5.038556        0.742738       -0.865768  
C      -5.065249       -1.528429       -1.809513  
C      -5.619875        1.206500       -2.081888  
H      -5.038601        2.659187        0.108698  
C      -4.110618        1.993650        2.534945  
C      -3.380179       -0.703451        2.787864  
C       4.959035        1.137506       -0.293967  
C       2.930442        1.888175       -1.438664  
C       4.161479        3.436435        0.012702  
C       3.100887        3.202301       -0.865695  
C       5.091307        2.439198        0.315424  
C       5.988418        0.179376       -0.052940  
C       6.187885        2.681702        1.193215  
H       4.271150        4.421175        0.464119  
C       2.166663        4.227191       -1.195497  
C       1.842096        1.689810       -2.339499  
C      -3.284928        0.150545        3.858998  
C      -3.643009        1.518790        3.732950  
H      -4.379631        3.041901        2.418427  
H      -3.069252       -1.738255        2.894621  
H      -2.920411       -0.218935        4.814259  
H      -3.540145        2.184740        4.585049  
C      -5.907847        0.340223       -3.103494  
C      -5.650160       -1.048754       -2.952478  
H      -4.889022       -2.594247       -1.689428  
H      -5.839954        2.268115       -2.172636  
H      -6.353842        0.707303       -4.023306  
H      -5.923211       -1.734688       -3.749939  
C       0.968488        2.703864       -2.639058  
C       1.131848        3.989469       -2.061358  
H       2.296406        5.209141       -0.743876  
H       1.718172        0.715417       -2.803737  
H       0.145429        2.525708       -3.327420  
H       0.432354        4.783399       -2.308783  
C       7.133732        1.717997        1.428657  
C       7.040583        0.457499        0.780944  
H       5.930728       -0.786310       -0.548586  
H       6.264928        3.660347        1.661630  
H       7.966894        1.920237        2.095576  
H       7.810930       -0.290244        0.947297  


135
β1cf1
P       1.941838       -1.964568        0.208296  
C       1.290364       -3.619289       -0.446747  
O       2.053131       -3.970070       -1.610593  
H       1.482098       -4.396220        0.299108  
P      -1.110754       -2.043381       -0.767308  
C      -0.199154       -3.685740       -0.780479  
O      -0.850310       -4.533444        0.176434  
H      -0.299044       -4.162390       -1.764913  
C      -1.395500       -1.731254       -2.605857  
C       3.109431       -2.593638        1.574094  
C      -2.347986       -2.765735       -3.196464  
C      -1.895836       -0.302700       -2.809952  
C      -0.025160       -1.847279       -3.279828  
C       4.237130       -3.433567        0.979329  
C       3.676596       -1.389968        2.322297  
C       2.291661       -3.443878        2.554018  
C      -2.497999       -2.815672        0.113914  
C      -2.101524       -4.107100        0.506315  
C      -2.912600       -4.935384        1.276379  
H      -2.571284       -5.930173        1.542396  
C       3.707533       -0.717201       -1.823691  
C      -4.527026       -3.136438        1.384341  
H      -5.469064       -2.744292        1.758029  
C      -4.141030       -4.440832        1.694341  
H      -4.795807       -5.068341        2.291522  
C       2.946953       -1.786084       -1.306012  
C       2.860307       -2.970904       -2.059024  
C       3.533211       -3.154827       -3.261845  
C      -3.710422       -2.295287        0.620923  
C       4.374640       -0.901409       -3.042472  
H       4.963628       -0.077789       -3.437422  
C       4.298367       -2.102268       -3.745315  
H       3.432060       -4.091669       -3.799652  
H       4.829523       -2.210814       -4.686342  
Rh       0.025354       -0.520444        0.550651  
C      -0.687249        5.026362        0.588907  
C      -0.376883        3.840082        1.251716  
C      -0.802796        2.615425        0.708207  
C      -1.524143        2.597494       -0.475493  
C      -1.844000        3.797323       -1.122952  
C      -1.440794        5.018896       -0.593541  
O      -0.281504        6.256634        1.008586  
H       0.175908        3.849592        2.183823  
H      -1.863085        1.664505       -0.911310  
O      -2.540082        3.658620       -2.283650  
H      -1.647837        5.963652       -1.083111  
C      -0.584083        1.387486        1.526821  
H      -1.422536        1.156918        2.186638  
C       1.942268        1.757874        1.819329  
H       2.827116        1.120652        1.754719  
H       1.865944        2.328184        0.895074  
H       2.113461        2.476329        2.635003  
N       0.635851        0.300839        3.320499  
H       1.030249        0.781856        4.120255  
C       0.684657        0.980670        2.043111  
C      -0.028854       -0.850344        3.525551  
O      -0.505524       -1.500496        2.566862  
C       3.865407        0.620444       -1.182510  
C      -4.110126       -0.869127        0.461420  
H      -1.384344        0.240526        0.447019  
H       0.439522        0.239096       -0.734799  
C      -0.125660       -1.369199        4.923368  
H       0.605858       -2.172257        5.059046  
H       0.057639       -0.603726        5.678670  
H      -1.113448       -1.806323        5.077947  
C      -2.916598        4.847771       -2.961384  
H      -3.553802        5.479489       -2.330957  
H      -2.037345        5.422468       -3.276985  
H      -3.476019        4.529555       -3.840374  
C       0.571540        6.306806        2.142999  
H       0.064633        5.938827        3.042532  
H       1.485918        5.721674        1.978018  
H       0.830352        7.356010        2.278329  
H       1.336714       -2.979762        2.817656  
H       2.080837       -4.446816        2.172017  
H       2.870887       -3.572418        3.475265  
H       2.892467       -0.851745        2.863295  
H       4.412892       -1.735616        3.057204  
H       4.186837       -0.685573        1.658773  
H       4.878027       -2.852385        0.310223  
H       4.864024       -3.815666        1.793342  
H       3.863022       -4.299383        0.422221  
H       0.356735       -2.872345       -3.305410  
H      -0.113460       -1.509432       -4.318207  
H       0.720701       -1.210865       -2.791415  
H      -2.085271       -0.136465       -3.876623  
H      -2.822736       -0.089224       -2.272626  
H      -1.137204        0.419838       -2.487485  
H      -3.337167       -2.725761       -2.738924  
H      -2.467998       -2.571986       -4.268370  
H      -1.965327       -3.786518       -3.091330  
C      -3.905666        0.027074        1.539670  
C      -4.736939       -0.418174       -0.717146  
C      -4.703794        1.878929        0.136724  
C      -4.990378        0.992038       -0.900887  
C      -4.209890        1.428431        1.363955  
C      -3.421476       -0.393810        2.815111  
C      -3.994823        2.328090        2.447770  
H      -4.880610        2.944066       -0.007401  
C      -5.536151        1.437898       -2.139997  
C      -5.158109       -1.312599       -1.744773  
C       3.004728        1.677857       -1.550244  
C       4.984872        0.871143       -0.359839  
C       4.308949        3.220225       -0.157681  
C       5.182855        2.189011        0.194594  
C       3.241428        3.004473       -1.032420  
C       1.909573        1.496640       -2.446350  
C       2.361977        4.060601       -1.409826  
H       4.467659        4.216507        0.252715  
C       6.284470        2.409494        1.071808  
C       5.959058       -0.129966       -0.068465  
C      -5.710632       -0.847499       -2.909909  
C      -5.877030        0.547107       -3.123493  
H      -5.686554        2.506408       -2.279469  
H      -5.047012       -2.380973       -1.577908  
H      -6.026693       -1.549254       -3.677105  
H      -6.296052        0.901077       -4.060886  
C      -3.550935        1.878322        3.664367  
C      -3.270979        0.498363        3.848106  
H      -3.170191       -1.439632        2.965151  
H      -4.203749        3.384093        2.286761  
H      -3.407434        2.573098        4.487147  
H      -2.923169        0.149598        4.817476  
C       7.018160        0.126711        0.763507  
C       7.173810        1.406745        1.358304  
H       6.410960        3.401579        1.499237  
H       5.851676       -1.111438       -0.523007  
H       7.746010       -0.653300        0.969106  
H       8.011140        1.591903        2.025018  
C       1.317819        3.839278       -2.268744  
C       1.089295        2.540402       -2.791812  
H       1.738391        0.510808       -2.869634  
H       2.540029        5.052822       -0.999029  
H       0.660027        4.656404       -2.551124  
H       0.258458        2.376628       -3.474495  


135
α1cf1
P      -1.010462       -1.483920       -1.073529  
C       0.002273       -2.898279       -1.826107  
O      -0.331743       -4.088357       -1.106682  
H      -0.291056       -3.039494       -2.874836  
P       2.191412       -1.598199       -0.490835  
C       1.516622       -2.782885       -1.781320  
O       1.997637       -2.371806       -3.063797  
H       1.910617       -3.789604       -1.589502  
C       3.080712       -2.758759        0.704421  
C      -1.758138       -0.696986       -2.620733  
C       4.230857       -3.475906        0.003138  
C       3.577721       -1.946899        1.900056  
C       2.055555       -3.791003        1.192161  
C      -2.515914       -1.720202       -3.464140  
C      -2.677536        0.449840       -2.206599  
C      -0.586787       -0.129543       -3.430474  
C       3.318957       -0.896672       -1.741428  
C       3.002104       -1.456156       -2.993225  
C       3.639272       -1.081149       -4.171664  
H       3.359073       -1.550842       -5.108682  
C       4.286493        0.129563       -1.693385  
C       4.932586        0.497217       -2.880090  
H       5.686334        1.278935       -2.835293  
C       4.619918       -0.101350       -4.099077  
H       5.138101        0.209068       -5.001539  
C      -2.096668       -2.725111       -0.265151  
C      -1.456262       -3.976189       -0.353193  
C      -1.893892       -5.111131        0.323115  
C      -3.257819       -2.638848        0.541290  
C      -3.690222       -3.782814        1.224011  
H      -4.592500       -3.709475        1.825535  
C      -3.017243       -4.999186        1.127224  
H      -1.351414       -6.044137        0.210329  
H      -3.382233       -5.865178        1.671420  
Rh       0.484163       -0.271460        0.363248  
C      -3.288001        3.793596        0.106441  
C      -2.687591        2.750472        0.813638  
C      -1.381268        2.349491        0.515940  
C      -0.679156        3.015702       -0.495521  
C      -1.289169        4.054458       -1.199908  
C      -2.599559        4.457656       -0.914390  
O      -4.558517        4.105349        0.481221  
H      -3.246228        2.261327        1.604050  
H       0.320816        2.708996       -0.783116  
O      -0.532798        4.619413       -2.183695  
H      -3.068285        5.257741       -1.472069  
C      -0.850238        1.219166        1.304129  
H      -1.626034        0.626356        1.785669  
C       1.201831        2.505663        2.175126  
H       2.195745        2.294671        2.577808  
H       1.320649        3.007761        1.216556  
H       0.684129        3.196191        2.851984  
N       0.420866        0.450896        3.235698  
H       0.625391        0.937290        4.098937  
C       0.386224        1.252313        2.030882  
C       0.136485       -0.864532        3.277050  
O      -0.034285       -1.518777        2.226269  
C       4.652534        0.893807       -0.467498  
C      -4.151095       -1.450383        0.652970  
H       1.650608        0.499033        1.189515  
H       0.829986        0.675532       -0.804854  
C       0.083546       -1.534529        4.609527  
H       0.919730       -2.236152        4.682429  
H       0.126911       -0.837185        5.446754  
H      -0.831830       -2.126764        4.677744  
C      -1.111240        5.673738       -2.939238  
H      -2.009361        5.338482       -3.470607  
H      -1.363617        6.530040       -2.303252  
H      -0.354390        5.973005       -3.663248  
C      -5.219905        5.134442       -0.239014  
H      -4.694559        6.091579       -0.141317  
H      -5.315068        4.878634       -1.300820  
H      -6.211915        5.220454        0.202467  
H      -0.003726        0.603010       -2.858872  
H       0.095025       -0.909678       -3.786657  
H      -0.988078        0.382456       -4.312216  
H      -3.097910        0.913754       -3.107009  
H      -3.512075        0.117023       -1.586246  
H      -2.128285        1.219707       -1.659710  
H      -3.274693       -2.252748       -2.887694  
H      -3.030122       -1.195912       -4.277763  
H      -1.855481       -2.458645       -3.928214  
H       1.739468       -4.477507        0.400826  
H       2.527097       -4.394840        1.975739  
H       1.163757       -3.323592        1.619150  
H       2.745717       -1.468060        2.427296  
H       4.084660       -2.615437        2.605215  
H       4.289143       -1.168894        1.613226  
H       4.985261       -2.782534       -0.372415  
H       4.720430       -4.149846        0.715468  
H       3.883970       -4.087776       -0.836780  
C      -5.141255       -1.252512       -0.335678  
C      -4.140985       -0.642950        1.809934  
C      -5.969792        0.706128        0.881256  
C      -5.079431        0.448729        1.925285  
C      -6.031214       -0.120607       -0.242528  
C      -5.317296       -2.147938       -1.431144  
C      -6.969104        0.111426       -1.290097  
H      -6.640741        1.560433        0.953354  
C      -5.067086        1.250185        3.103773  
C      -3.256990       -0.883971        2.905257  
C       5.705703        0.451675        0.359261  
C       4.054939        2.153660       -0.240070  
C       5.422528        2.429476        1.778380  
C       4.478916        2.949084        0.887867  
C       6.049941        1.204285        1.541251  
C       6.471971       -0.713839        0.062605  
C       7.057893        0.697013        2.412190  
H       5.710581        3.015425        2.649664  
C       3.948483        4.261823        1.050267  
C       3.086688        2.715114       -1.125984  
C      -3.287148       -0.096394        4.028914  
C      -4.196051        0.990123        4.128941  
H      -5.768983        2.078778        3.169250  
H      -2.555174       -1.711348        2.834556  
H      -2.613622       -0.302722        4.857384  
H      -4.200758        1.607684        5.022226  
C      -7.069767       -0.748784       -2.352464  
C      -6.247953       -1.904297       -2.408574  
H      -4.707117       -3.045641       -1.479757  
H      -7.614618        0.983859       -1.218143  
H      -7.792216       -0.562634       -3.141798  
H      -6.361567       -2.603816       -3.232402  
C       2.623076        3.995357       -0.952409  
C       3.060682        4.782206        0.145089  
H       4.279229        4.848132        1.904796  
H       2.735025        2.124650       -1.970091  
H       1.895377        4.404554       -1.647848  
H       2.677125        5.791032        0.269481  
C       7.732801       -0.458630        2.116690  
C       7.450712       -1.158616        0.913396  
H       6.278922       -1.241953       -0.867439  
H       7.293228        1.261806        3.311308  
H       8.502080       -0.830167        2.787444  
H       8.021995       -2.048319        0.663250  


135
α1cf3
P      -1.103207       -1.464407       -1.053895  
C      -0.128187       -2.915544       -1.786096  
O      -0.503621       -4.091598       -1.063696  
H      -0.414889       -3.055338       -2.836818  
P       2.090105       -1.667019       -0.444084  
C       1.388013       -2.842340       -1.728642  
O       1.884509       -2.450213       -3.010590  
H       1.753564       -3.858355       -1.527394  
C       2.905874       -2.840422        0.793132  
C      -1.855544       -0.688409       -2.603667  
C       4.030449       -3.628443        0.127351  
C       3.424797       -2.020886        1.973997  
C       1.825079       -3.806714        1.292870  
C      -2.639243       -1.711271       -3.423370  
C      -2.757229        0.475543       -2.197799  
C      -0.684747       -0.147302       -3.431961  
C       3.269282       -1.035752       -1.686355  
C       2.933206       -1.585489       -2.937761  
C       3.594651       -1.249113       -4.114472  
H       3.295508       -1.709079       -5.050413  
C       4.287630       -0.059190       -1.639067  
C       4.958480        0.268067       -2.823955  
H       5.749917        1.011571       -2.778722  
C       4.622523       -0.319436       -4.041915  
H       5.160040       -0.039462       -4.942975  
C      -2.212966       -2.664045       -0.218798  
C      -1.614564       -3.935644       -0.298773  
C      -2.084890       -5.048982        0.391317  
C      -3.368925       -2.533817        0.586904  
C      -3.834195       -3.654404        1.285978  
H      -4.733133       -3.546575        1.887377  
C      -3.198980       -4.892076        1.200895  
H      -1.574564       -6.000512        0.284062  
H      -3.588499       -5.740160        1.756185  
Rh       0.426535       -0.250501        0.335867  
C      -2.900455        4.210870       -0.217458  
C      -2.494551        3.120864        0.556155  
C      -1.252158        2.509106        0.293277  
C      -0.461313        2.990602       -0.748386  
C      -0.901742        4.057163       -1.540621  
C      -2.117798        4.680285       -1.280478  
O      -4.055264        4.903243       -0.017641  
H      -3.112485        2.742928        1.366302  
H       0.488636        2.527347       -0.990800  
O      -0.073832        4.410599       -2.562710  
H      -2.486884        5.514067       -1.865752  
C      -0.853126        1.376264        1.159369  
H      -1.685167        0.866723        1.643216  
C       1.233976        2.597641        2.032245  
H       2.201257        2.361055        2.482352  
H       1.410575        3.044942        1.056237  
H       0.726151        3.343947        2.655406  
N       0.338352        0.639685        3.166177  
H       0.565072        1.161053        4.002986  
C       0.363197        1.377170        1.922006  
C       0.047259       -0.670352        3.271884  
O      -0.131071       -1.372944        2.254782  
C       4.681848        0.698583       -0.417950  
C      -4.233813       -1.322441        0.665521  
H       1.603482        0.532986        1.145064  
H       0.834666        0.588533       -0.889788  
C      -0.002870       -1.275269        4.635651  
H       0.831089       -1.976120        4.737013  
H       0.052116       -0.539574        5.438726  
H      -0.920234       -1.859451        4.739577  
C      -0.476442        5.501299       -3.379695  
H      -1.423346        5.288714       -3.888784  
H      -0.579401        6.420731       -2.792238  
H       0.312127        5.629693       -4.119816  
C      -4.886116        4.482160        1.051664  
H      -5.244478        3.459549        0.886462  
H      -4.356566        4.527831        2.011295  
H      -5.732589        5.167551        1.067904  
H      -0.105301        0.606115       -2.885055  
H       0.000500       -0.936457       -3.761250  
H      -1.086662        0.333877       -4.330664  
H      -3.136993        0.963600       -3.103266  
H      -3.618673        0.152007       -1.609911  
H      -2.207689        1.224263       -1.622825  
H      -3.403263       -2.218979       -2.830533  
H      -3.151274       -1.190722       -4.240763  
H      -1.997519       -2.470203       -3.880757  
H       1.468235       -4.482098        0.509277  
H       2.263596       -4.429044        2.081283  
H       0.964571       -3.282687        1.719028  
H       2.611648       -1.474383        2.462860  
H       3.871755       -2.695335        2.713254  
H       4.190054       -1.298860        1.680200  
H       4.813725       -2.980442       -0.269908  
H       4.490915       -4.291650        0.868736  
H       3.666354       -4.260183       -0.690235  
C      -5.253905       -1.162690       -0.299599  
C      -4.164398       -0.449431        1.770666  
C      -6.022947        0.860769        0.849460  
C      -5.077779        0.665004        1.859119  
C      -6.138719       -0.025945       -0.223807  
C      -5.465770       -2.101705       -1.351545  
C      -7.125872        0.153632       -1.235082  
H      -6.711050        1.702246        0.917457  
C      -5.006107        1.527324        2.992117  
C      -3.253815       -0.658131        2.849173  
C       4.155389        1.994690       -0.217277  
C       5.696081        0.209145        0.430998  
C       5.497530        2.215303        1.824892  
C       6.060371        0.955195        1.611480  
C       4.604236        2.778126        0.909530  
C       3.244655        2.605203       -1.131391  
C       4.157010        4.124731        1.043090  
H       5.802455        2.793993        2.695216  
C       7.025668        0.405699        2.504535  
C       6.405834       -0.997658        0.159144  
C      -3.224240        0.190522        3.926968  
C      -4.100952        1.305167        3.996559  
H      -5.702873        2.361020        3.051962  
H      -2.581681       -1.510706        2.800088  
H      -2.532177        0.011125        4.745701  
H      -4.063683        1.967022        4.856934  
C      -7.266757       -0.752172       -2.253961  
C      -6.436590       -1.902204       -2.299741  
H      -4.850374       -2.996245       -1.390959  
H      -7.772197        1.026112       -1.174208  
H      -8.024098       -0.603630       -3.017898  
H      -6.576420       -2.633405       -3.091082  
C       7.347767       -1.481995        1.030021  
C       7.645927       -0.785124        2.231167  
H       7.275209        0.967754        3.401566  
H       6.201623       -1.524896       -0.768984  
H       7.877547       -2.401736        0.797074  
H       8.385241       -1.187731        2.917321  
C       3.327860        4.689027        0.109874  
C       2.863271        3.915717       -0.986093  
H       2.874592        2.027565       -1.976694  
H       4.507866        4.700628        1.896757  
H       3.010965        5.723338        0.210641  
H       2.180351        4.358776       -1.705527  


