L5, S, TS2
135
β2cf1
P      -1.403409        0.024973       -1.695760  
C      -0.425878       -0.069216       -3.309058  
O      -0.851084       -1.225209       -4.038120  
H      -0.668709        0.800317       -3.927667  
P       1.668718       -0.525390       -1.404196  
C       1.079666       -0.090221       -3.131571  
O       1.561849        1.235418       -3.396887  
H       1.516113       -0.774417       -3.874146  
C       2.270180       -2.303064       -1.589749  
C      -2.592434        1.435222       -2.142476  
C       3.448420       -2.383836       -2.553123  
C       2.634582       -2.860995       -0.214611  
C       1.090837       -3.102820       -2.149556  
C      -3.499008        1.017508       -3.297924  
C      -3.412424        1.799783       -0.911710  
C      -1.746436        2.646209       -2.554040  
C       2.999346        0.715936       -1.574310  
C       2.670029        1.541069       -2.666210  
C       3.411966        2.666065       -3.006575  
H       3.117168        3.269761       -3.858401  
C      -3.141598       -2.376873       -1.433426  
C       4.873005        2.178644       -1.142124  
H       5.745538        2.427722       -0.544034  
C       4.520503        2.977468       -2.229159  
H       5.119970        3.849086       -2.474064  
C      -2.238680       -1.544343       -2.128729  
C      -1.806833       -1.956751       -3.402530  
C      -2.275974       -3.104169       -4.032410  
C       4.121679        1.051552       -0.787823  
C      -3.614667       -3.531378       -2.072846  
H      -4.317593       -4.163874       -1.537231  
C      -3.199394       -3.886334       -3.354034  
H      -1.906009       -3.367184       -5.017926  
H      -3.585367       -4.790116       -3.816087  
Rh      -0.099792       -0.105797        0.150243  
C      -0.193954        4.480913       -0.187289  
C       0.053985        3.283577        0.500345  
C      -0.740399        2.924726        1.583557  
C      -1.789933        3.764211        1.988668  
C      -2.045934        4.938106        1.278708  
C      -1.248629        5.307904        0.186490  
O       0.641580        4.735642       -1.229808  
H       0.869898        2.643322        0.165585  
H      -2.386423        3.491526        2.852706  
O      -3.053696        5.802532        1.575738  
H      -1.475709        6.231049       -0.334289  
C      -0.448091        1.669244        2.352711  
H      -0.659932        1.850033        3.420014  
C      -2.722149        0.572516        2.207785  
H      -3.305251       -0.285581        1.877386  
H      -2.930905        0.733455        3.275930  
H      -3.082612        1.453880        1.680689  
N      -0.772018       -0.659100        2.924799  
H      -1.336736       -0.890737        3.733527  
C      -1.238401        0.384987        2.007323  
C       0.468015       -1.151382        2.819522  
O       1.144992       -0.909146        1.787853  
C      -3.636766       -2.201965       -0.034546  
C       4.549502        0.268928        0.405115  
H       0.621328        1.449939        2.298319  
H      -1.446042       -0.733593        0.659876  
C       1.035477       -1.972448        3.925772  
H       1.532530       -2.851698        3.509032  
H       1.795842       -1.383655        4.448352  
H       0.278797       -2.284786        4.646871  
H      -1.394519        2.587136       -3.587978  
H      -2.359738        3.551104       -2.475679  
H      -0.876710        2.783643       -1.905175  
H      -2.771324        2.253862       -0.149401  
H      -4.176262        2.536923       -1.186509  
H      -3.926975        0.936385       -0.473892  
H      -4.176642        0.204757       -3.022600  
H      -4.112033        1.876371       -3.594103  
H      -2.935596        0.701527       -4.183294  
H       0.846463       -2.823830       -3.179130  
H       1.353495       -4.166359       -2.151678  
H       0.189662       -2.985377       -1.536233  
H       1.767123       -2.858522        0.452899  
H       2.980202       -3.894714       -0.332984  
H       3.433158       -2.294969        0.272518  
H       4.302206       -1.799994       -2.205980  
H       3.771357       -3.428278       -2.633392  
H       3.190163       -2.045834       -3.562301  
C      -3.910019        5.458448        2.655609  
H      -4.402705        4.494539        2.480558  
H      -3.360403        5.417835        3.602872  
H      -4.660275        6.246227        2.706158  
C       0.398540        5.907307       -1.994530  
H      -0.596738        5.881675       -2.454088  
H       0.491246        6.810757       -1.381415  
H       1.159107        5.918074       -2.774736  
C       4.057209        0.616564        1.680208  
C       5.525781       -0.742986        0.274605  
C       5.306712       -1.250609        2.664874  
C       5.879217       -1.542348        1.424090  
C       4.445439       -0.163873        2.830622  
C       3.234041        1.760566        1.893578  
C       3.968713        0.219078        4.117420  
H       5.576324       -1.853741        3.530235  
C       6.822974       -2.598107        1.267749  
C       6.199648       -1.006642       -0.954148  
C      -2.928533       -2.817424        1.024627  
C      -4.916509       -1.652748        0.196474  
C      -4.769789       -2.299481        2.560277  
C      -5.480528       -1.684422        1.526095  
C      -3.510957       -2.867507        2.344094  
C      -1.650097       -3.422801        0.834973  
C      -2.790294       -3.508461        3.394502  
H      -5.206818       -2.336419        3.556806  
C      -6.760276       -1.097862        1.747386  
C      -5.701541       -1.080886       -0.848217  
C       7.122683       -2.015673       -1.058139  
C       7.427630       -2.834232        0.060718  
H       7.066500       -3.202984        2.138149  
H       5.977178       -0.384267       -1.817328  
H       7.626761       -2.191296       -2.004426  
H       8.152582       -3.636536       -0.041029  
C       3.191540        1.335937        4.281168  
C       2.836610        2.123614        3.155073  
H       2.950516        2.372185        1.040306  
H       4.259834       -0.384498        4.974691  
H       2.855225        1.629834        5.271818  
H       2.233843        3.018073        3.294008  
C      -6.931055       -0.529811       -0.596076  
C      -7.464786       -0.527460        0.719786  
H      -7.168445       -1.117979        2.755316  
H      -5.309675       -1.092355       -1.861825  
H      -7.505434       -0.094996       -1.409267  
H      -8.439081       -0.084262        0.903590  
C      -1.564370       -4.078051        3.166691  
C      -0.987422       -4.030620        1.869886  
H      -1.204587       -3.400351       -0.156152  
H      -3.244386       -3.544961        4.382412  
H      -1.031205       -4.571594        3.974649  
H      -0.014310       -4.484059        1.696433  


135
β2cf2
P       1.502684        0.218319        1.574489  
C       0.561476        0.339591        3.205398  
O       1.022239       -0.695698        4.079190  
H       0.802568        1.290821        3.688852  
P      -1.586489       -0.384161        1.435897  
C      -0.947717        0.272728        3.073743  
O      -1.449258        1.612257        3.187307  
H      -1.348824       -0.320750        3.908676  
C      -2.153698       -2.134770        1.857727  
C       2.756269        1.627193        1.838335  
C      -3.308137       -2.106978        2.852621  
C      -2.543301       -2.863728        0.571258  
C      -0.955747       -2.849649        2.486958  
C       3.642564        1.310352        3.040414  
C       3.585746        1.806403        0.573806  
C       1.975608        2.919676        2.096624  
C      -2.956886        0.825874        1.524993  
C      -2.618263        1.778903        2.504720  
C      -3.408543        2.887539        2.781022  
H      -3.100579        3.592274        3.546555  
C       3.133400       -2.274483        1.545856  
C      -4.943042        2.125547        1.075062  
H      -5.860961        2.263394        0.509424  
C      -4.581166        3.049633        2.054421  
H      -5.221863        3.903846        2.252159  
C       2.303018       -1.318335        2.169600  
C       1.903797       -1.554724        3.497195  
C       2.330155       -2.651194        4.238022  
C      -4.140257        1.016808        0.779723  
C       3.549844       -3.386674        2.290967  
H       4.195305       -4.116564        1.809476  
C       3.164901       -3.569397        3.617472  
H       1.988304       -2.776419        5.260179  
H       3.508788       -4.441996        4.164709  
Rh       0.142109       -0.137323       -0.204336  
C       1.800814        4.856696       -1.714834  
C       1.627468        3.610609       -2.326962  
C       0.622544        2.749013       -1.884545  
C      -0.215405        3.149220       -0.842032  
C      -0.045677        4.399679       -0.244916  
C       0.966330        5.267712       -0.669122  
O       2.811681        5.620725       -2.209507  
H       2.275477        3.337672       -3.155417  
H      -1.006860        2.498504       -0.474908  
O      -0.901863        4.678261        0.775304  
H       1.100047        6.233517       -0.198888  
C       0.392973        1.428537       -2.562826  
H       0.607151        1.539264       -3.639007  
C       2.697260        0.401281       -2.372263  
H       3.316500       -0.383038       -1.936176  
H       2.885903        0.422309       -3.455578  
H       3.030974        1.358106       -1.976356  
N       0.759540       -0.933382       -2.926462  
H       1.312425       -1.230769       -3.721635  
C       1.222772        0.199648       -2.120417  
C      -0.464361       -1.442758       -2.743199  
O      -1.119835       -1.127942       -1.717116  
C       3.641909       -2.228746        0.141936  
C      -4.555525        0.118422       -0.333243  
H      -0.667840        1.172758       -2.492134  
H       1.498797       -0.768952       -0.685492  
C      -1.038551       -2.369364       -3.759050  
H      -1.516654       -3.212200       -3.254498  
H      -1.814352       -1.840045       -4.321099  
H      -0.287950       -2.736019       -4.460612  
H       1.571922        2.984363        3.111164  
H       2.650249        3.774112        1.966626  
H       1.152189        3.043664        1.389436  
H       2.973521        2.248963       -0.218263  
H       4.416050        2.493510        0.775105  
H       4.015672        0.868584        0.206127  
H       4.272663        0.433181        2.873793  
H       4.302433        2.165482        3.226784  
H       3.064107        1.141927        3.955849  
H      -0.708054       -2.454186        3.477231  
H      -1.201643       -3.910059        2.612333  
H      -0.061483       -2.789067        1.855508  
H      -1.677126       -2.995253       -0.085010  
H      -2.933660       -3.854747        0.831645  
H      -3.315021       -2.339260        0.002556  
H      -4.186469       -1.600498        2.449875  
H      -3.598693       -3.137189        3.089021  
H      -3.035450       -1.621057        3.795416  
C      -0.703186        5.885644        1.494483  
H       0.294357        5.914088        1.950131  
H      -0.836307        6.763654        0.852256  
H      -1.460754        5.893101        2.277744  
C       3.021490        6.895811       -1.619668  
H       2.140961        7.538110       -1.734056  
H       3.269562        6.805792       -0.555779  
H       3.862723        7.337726       -2.151571  
C      -5.486796       -0.919918       -0.114482  
C      -4.075063        0.374496       -1.634653  
C      -5.235231       -1.623981       -2.452685  
C      -4.423653       -0.517830       -2.713354  
C      -5.797793       -1.831689       -1.190371  
C      -6.149257       -1.108946        1.133939  
C      -6.686772       -2.916771       -0.939917  
H      -5.473298       -2.313663       -3.261115  
C      -3.959976       -0.224391       -4.028200  
C      -3.308485        1.534894       -1.945291  
C       2.943678       -2.912031       -0.880182  
C       4.926729       -1.700641       -0.110700  
C       4.790105       -2.471603       -2.436115  
C       5.494151       -1.796499       -1.435603  
C       3.536947       -3.040204       -2.190192  
C       1.669280       -3.515908       -0.659853  
C       2.833944       -3.761214       -3.199594  
H       5.229932       -2.560960       -3.427971  
C       6.771038       -1.214300       -1.683473  
C       5.714526       -1.089866        0.909866  
C      -2.920418        1.806028       -3.232149  
C      -3.231874        0.907763       -4.286405  
H      -4.221853       -0.910812       -4.831202  
H      -3.068023        2.234230       -1.148411  
H      -2.359842        2.712714       -3.447308  
H      -2.903798        1.129923       -5.298279  
C      -7.278900       -3.078805        0.285544  
C      -7.019140       -2.151093        1.328176  
H      -5.963472       -0.399834        1.936923  
H      -6.896820       -3.607841       -1.753099  
H      -7.960368       -3.906663        0.459118  
H      -7.515567       -2.269098        2.287343  
C       6.943711       -0.549926        0.634350  
C       7.474364       -0.597655       -0.681960  
H       7.179758       -1.278693       -2.689267  
H       5.326459       -1.063444        1.924422  
H       7.520157       -0.084997        1.429242  
H       8.446723       -0.158979       -0.886018  
C       1.618980       -4.339438       -2.939239  
C       1.029037       -4.210100       -1.653812  
H       1.210902       -3.422588        0.321444  
H       3.295137       -3.856139       -4.180159  
H       1.101248       -4.898544       -3.713895  
H       0.062239       -4.667792       -1.458328  


135
α2cf1
P       0.799283       -1.674087        0.738316  
C      -0.195195       -3.239623        1.104989  
O       0.016633       -4.115020       -0.006694  
H       0.187787       -3.733270        2.006703  
P      -2.334617       -1.664811        0.136137  
C      -1.693358       -3.074192        1.201086  
O      -2.060409       -2.843209        2.561496  
H      -2.144748       -4.023961        0.888422  
C      -3.495380       -2.590201       -1.047772  
C       1.524847       -1.203681        2.421729  
C      -4.534611       -3.400878       -0.276959  
C      -4.193589       -1.617281       -1.995981  
C      -2.596005       -3.511937       -1.878292  
C       1.997734       -2.431940        3.205662  
C       2.698613       -0.231156        2.258755  
C       0.376560       -0.530812        3.179544  
C      -3.242163       -1.014605        1.590719  
C      -2.906822       -1.787761        2.717834  
C      -3.361279       -1.499985        4.000384  
H      -3.071427       -2.137600        4.829044  
C      -4.053770        0.123984        1.788131  
C      -4.503786        0.415953        3.081862  
H      -5.138514        1.287124        3.221590  
C      -4.166117       -0.382765        4.172764  
H      -4.532595       -0.129632        5.163237  
C       1.883002       -2.678656       -0.363743  
C       1.167864       -3.854810       -0.675696  
C       1.562607       -4.762733       -1.653597  
C       3.090256       -2.446333       -1.070624  
C       3.482790       -3.367888       -2.050012  
H       4.419283       -3.188314       -2.571123  
C       2.730033       -4.499943       -2.352301  
H       0.958188       -5.644335       -1.839352  
H       3.069293       -5.187243       -3.121423  
Rh      -0.479915       -0.323065       -0.551077  
C       3.815181        3.385254        0.388321  
C       3.005832        2.598103       -0.441446  
C       1.746348        2.180770       -0.021705  
C       1.264467        2.609950        1.226438  
C       2.083381        3.379965        2.055171  
C       3.366828        3.767455        1.648660  
O       5.033991        3.715064       -0.116154  
H       3.386079        2.302076       -1.414447  
H       0.273880        2.305900        1.552439  
O       1.737514        3.798742        3.306340  
H       3.972410        4.353191        2.330379  
C       0.982806        1.284072       -0.979463  
H       1.702740        0.556365       -1.378526  
C      -0.544543        3.175904       -1.769270  
H      -0.154917        3.812750       -0.970490  
H      -0.809046        3.812523       -2.618100  
H      -1.450605        2.692840       -1.396277  
N       0.053423        1.357516       -3.319043  
H       0.486902        1.559046       -4.208160  
C       0.497175        2.143061       -2.159804  
C      -1.067861        0.632261       -3.327871  
O      -1.690817        0.364683       -2.268108  
C      -4.510897        1.032964        0.701457  
C       4.078366       -1.358296       -0.826688  
H       1.388396        2.669334       -2.531352  
H      -0.185191        0.954275        0.281241  
C      -1.585558        0.132303       -4.638012  
H      -1.691560       -0.954505       -4.599254  
H      -2.583690        0.545873       -4.803219  
H      -0.949189        0.402488       -5.481273  
H      -0.012432        0.343655        2.646367  
H      -0.453628       -1.218375        3.363361  
H       0.747731       -0.200290        4.156260  
H       2.748587        0.422715        3.137322  
H       3.641945       -0.771923        2.194565  
H       2.616828        0.411754        1.380954  
H       2.638166       -3.090071        2.609913  
H       2.594455       -2.085914        4.057071  
H       1.170076       -3.019927        3.612111  
H      -2.109607       -4.291646       -1.284884  
H      -3.210292       -4.007412       -2.638474  
H      -1.813071       -2.947845       -2.400964  
H      -3.477677       -1.027425       -2.569455  
H      -4.812724       -2.194194       -2.693474  
H      -4.853392       -0.930419       -1.467399  
H      -5.164647       -2.762500        0.349104  
H      -5.190557       -3.910833       -0.992425  
H      -4.091839       -4.172751        0.360402  
C       0.540190        3.288352        3.869904  
H      -0.347194        3.634363        3.327214  
H       0.546411        2.192252        3.886652  
H       0.500848        3.667525        4.890246  
C       5.956524        4.334106        0.767225  
H       5.607467        5.321768        1.089764  
H       6.136548        3.706745        1.649183  
H       6.883219        4.445370        0.204458  
C       4.996350       -1.491730        0.237830  
C       4.264090       -0.346800       -1.795129  
C       6.170837        0.521715       -0.522636  
C       5.348463        0.594197       -1.647747  
C       6.021520       -0.494408        0.423953  
C       4.971445       -2.598393        1.137644  
C       6.890155       -0.597225        1.549166  
H       6.959753        1.260726       -0.393091  
C       5.550913        1.585754       -2.650753  
C       3.432393       -0.227881       -2.949617  
C      -3.839873        2.251736        0.464224  
C      -5.718748        0.746389        0.030421  
C      -5.466233        2.792041       -1.293210  
C      -6.169709        1.614845       -1.028942  
C      -4.349503        3.158274       -0.537723  
C      -2.712130        2.671334        1.234040  
C      -3.734458        4.433539       -0.698642  
H      -5.826772        3.465109       -2.069300  
C      -7.345050        1.265959       -1.754981  
C      -6.530293       -0.378946        0.363788  
C       3.665736        0.735748       -3.898498  
C       4.737333        1.655770       -3.751164  
H       6.362128        2.296418       -2.511510  
H       2.603083       -0.920768       -3.076995  
H       3.030142        0.793163       -4.778508  
H       4.903781        2.414740       -4.509888  
C       6.800281       -1.652699        2.418925  
C       5.842298       -2.676290        2.194406  
H       4.243289       -3.389680        0.978460  
H       7.639833        0.177801        1.691644  
H       7.472286       -1.721171        3.269412  
H       5.799671       -3.528394        2.867520  
C      -7.669409       -0.668740       -0.342724  
C      -8.072425        0.150262       -1.430496  
H      -7.660879        1.917213       -2.566889  
H      -6.235313       -1.011498        1.197143  
H      -8.270054       -1.531854       -0.069540  
H      -8.968628       -0.100724       -1.990411  
C      -2.693326        4.820317        0.101785  
C      -2.176385        3.924108        1.072249  
H      -2.305414        1.992269        1.982175  
H      -4.132429        5.104746       -1.456496  
H      -2.245258        5.803114       -0.013746  
H      -1.329455        4.238820        1.676602  


135
α2cf3
P       0.772818       -1.613660        0.807511  
C      -0.217588       -3.142672        1.315901  
O      -0.031569       -4.102073        0.273562  
H       0.183430       -3.563825        2.246304  
P      -2.377793       -1.636556        0.277575  
C      -1.711735       -2.966083        1.428946  
O      -2.047430       -2.636971        2.777153  
H      -2.172784       -3.933916        1.194589  
C      -3.538226       -2.643302       -0.839030  
C       1.518859       -0.984886        2.432430  
C      -4.575974       -3.403268       -0.016920  
C      -4.237637       -1.739448       -1.852766  
C      -2.628683       -3.613016       -1.600459  
C       1.942109       -2.138372        3.346063  
C       2.730851       -0.083796        2.166257  
C       0.404925       -0.180891        3.110789  
C      -3.285541       -0.912410        1.695844  
C      -2.931875       -1.605646        2.868820  
C      -3.407364       -1.260038        4.128959  
H      -3.101559       -1.836735        4.995432  
C      -4.131032        0.209471        1.822242  
C      -4.611789        0.554749        3.091650  
H      -5.272077        1.413899        3.175463  
C      -4.259797       -0.169095        4.228823  
H      -4.647248        0.125860        5.199525  
C       1.841502       -2.714751       -0.218939  
C       1.113120       -3.906026       -0.428042  
C       1.482699       -4.894803       -1.334355  
C       3.040810       -2.556716       -0.960197  
C       3.404648       -3.554675       -1.873943  
H       4.336710       -3.428828       -2.418392  
C       2.637739       -4.699922       -2.073529  
H       0.867191       -5.782705       -1.434366  
H       2.958393       -5.449508       -2.790629  
Rh      -0.526792       -0.359440       -0.552408  
C       3.816782        3.309189        0.156964  
C       3.023841        2.485178       -0.645159  
C       1.732357        2.136210       -0.244530  
C       1.220257        2.686064        0.930483  
C       2.016161        3.505046        1.734603  
C       3.330162        3.814918        1.368491  
O       5.066933        3.565990       -0.315200  
H       3.432876        2.103770       -1.575318  
H       0.208828        2.465456        1.259441  
O       1.430328        3.948547        2.882447  
H       3.950062        4.438366        1.999457  
C       0.961115        1.184486       -1.135668  
H       1.673544        0.434723       -1.505271  
C      -0.591069        3.026753       -1.986291  
H      -0.162870        3.733655       -1.271314  
H      -0.915567        3.583996       -2.869434  
H      -1.465395        2.569764       -1.517242  
N      -0.032714        1.111281       -3.438101  
H       0.408353        1.210179       -4.340592  
C       0.441358        1.972567       -2.348713  
C      -1.158943        0.397756       -3.367749  
O      -1.775259        0.241214       -2.281554  
C      -4.555856        1.073361        0.687770  
C       4.063128       -1.487732       -0.787371  
H       1.319016        2.478026       -2.778365  
H      -0.155868        0.952050        0.181480  
C      -1.692648       -0.220234       -4.619741  
H      -1.800569       -1.298359       -4.477079  
H      -2.691948        0.178973       -4.811323  
H      -1.065220       -0.032488       -5.491768  
H       0.089965        0.672747        2.504436  
H      -0.476292       -0.791801        3.329991  
H       0.784326        0.204220        4.063800  
H       2.788655        0.680438        2.949647  
H       3.654370       -0.660350        2.194248  
H       2.689464        0.439249        1.209066  
H       2.566467       -2.876454        2.830944  
H       2.542050       -1.724505        4.164448  
H       1.089849       -2.651441        3.800835  
H      -2.156850       -4.356912       -0.952546  
H      -3.228867       -4.149561       -2.343824  
H      -1.832060       -3.080988       -2.137006  
H      -3.523686       -1.183071       -2.461856  
H      -4.849152       -2.366899       -2.512424  
H      -4.905218       -1.023549       -1.374168  
H      -5.212383       -2.724408        0.558453  
H      -5.225559       -3.968519       -0.695590  
H      -4.131732       -4.122782        0.678037  
C       2.207337        4.777531        3.734506  
H       3.101965        4.253731        4.091263  
H       2.506423        5.701358        3.226016  
H       1.568494        5.021318        4.582191  
C       5.979986        4.213073        0.556698  
H       5.663338        5.236387        0.789606  
H       6.101231        3.647713        1.489195  
H       6.930978        4.244834        0.024948  
C       4.972558       -1.590922        0.288223  
C       4.277934       -0.533785       -1.805339  
C       6.209081        0.342165       -0.573559  
C       5.388375        0.382597       -1.702010  
C       6.029943       -0.619410        0.423684  
C       4.901879       -2.638790        1.253880  
C       6.891129       -0.688126        1.557353  
H       7.016962        1.066175       -0.479097  
C       5.614446        1.320277       -2.750852  
C       3.446770       -0.446710       -2.963224  
C      -3.845975        2.262327        0.414117  
C      -5.755484        0.788642        0.004263  
C      -5.426265        2.775968       -1.391062  
C      -6.164028        1.626568       -1.096205  
C      -4.313128        3.143161       -0.629412  
C      -2.722002        2.677659        1.190805  
C      -3.658588        4.394431       -0.822286  
H      -5.755464        3.426739       -2.199587  
C      -7.334167        1.276529       -1.830512  
C      -6.597512       -0.306049        0.363253  
C       3.698846        0.469804       -3.952879  
C       4.796737        1.364768       -3.849797  
H       6.448247        2.011019       -2.649977  
H       2.600503       -1.124470       -3.057544  
H       3.056631        0.509951       -4.829267  
H       4.980112        2.085385       -4.641469  
C       6.760348       -1.687278        2.486862  
C       5.764871       -2.685201        2.318840  
H       4.143673       -3.409558        1.142896  
H       7.667257        0.067092        1.659385  
H       7.426428       -1.729264        3.343704  
H       5.685405       -3.491441        3.043149  
C      -7.729355       -0.597176       -0.353983  
C      -8.093330        0.190659       -1.478024  
H      -7.620214        1.902305       -2.672819  
H      -6.329915       -0.913443        1.224076  
H      -8.353684       -1.437181       -0.062246  
H      -8.984784       -0.060653       -2.045347  
C      -2.622904        4.781759       -0.013630  
C      -2.148275        3.909975        1.000883  
H      -2.348402        2.015208        1.969709  
H      -4.020970        5.048246       -1.612752  
H      -2.149018        5.749190       -0.155032  
H      -1.315943        4.222574        1.626043  


135
β1cf1
P       1.635078       -1.013177       -1.296700  
C       1.045156       -1.129491       -3.071189  
O       1.629142       -0.027590       -3.776247  
H       1.409050       -2.058331       -3.532494  
P      -1.401776       -0.546689       -1.674852  
C      -0.461698       -1.067627       -3.234856  
O      -0.956877       -2.345343       -3.654080  
H      -0.679062       -0.364596       -4.044330  
C      -2.620972        0.687512       -2.437032  
C       2.210566       -2.780856       -0.945382  
C      -3.484009       -0.021339       -3.479137  
C      -3.493503        1.308105       -1.352445  
C      -1.796110        1.806290       -3.078286  
C       3.402226       -3.159923       -1.816272  
C       2.533207       -2.904915        0.543730  
C       1.031359       -3.701275       -1.268040  
C      -2.197767       -2.188002       -1.629148  
C      -1.823858       -2.914147       -2.773516  
C      -2.272371       -4.205287       -3.029721  
H      -1.955258       -4.717279       -3.932177  
C       4.147636        0.586710       -1.191230  
C      -3.456784       -4.125233       -0.926505  
H      -4.094144       -4.607337       -0.190180  
C      -3.098454       -4.804988       -2.089522  
H      -3.457130       -5.816423       -2.255563  
C       3.016912        0.047685       -1.842997  
C       2.774862        0.414151       -3.181768  
C       3.629889        1.240721       -3.901559  
C      -3.017448       -2.820043       -0.672899  
C       5.013926        1.405110       -1.926568  
H       5.890142        1.809398       -1.426281  
C       4.762626        1.725309       -3.260016  
H       3.399367        1.488444       -4.932349  
H       5.451467        2.368646       -3.799501  
Rh      -0.056262       -0.038364        0.056871  
C      -0.450075        4.499694       -1.273112  
C      -0.101875        3.586686       -0.273074  
C      -0.863947        3.514008        0.897373  
C      -1.955668        4.367049        1.079042  
C      -2.287103        5.285280        0.072616  
C      -1.541437        5.349832       -1.105427  
O       0.215504        4.608284       -2.457859  
H       0.739854        2.911755       -0.390745  
H      -2.529449        4.308366        1.998263  
O      -3.326320        6.159823        0.156956  
H      -1.808302        6.058857       -1.881959  
C      -0.504688        2.484051        1.929171  
H      -0.825096        2.825060        2.925793  
C      -2.625170        1.110974        1.840008  
H      -3.085887        0.199112        1.464755  
H      -2.916734        1.230604        2.894055  
H      -3.046768        1.956556        1.295870  
N      -0.604455        0.234181        2.820256  
H      -1.108135        0.274817        3.701359  
C      -1.122334        1.083934        1.717497  
C       0.658930       -0.196912        2.833581  
O       1.325060       -0.212220        1.765097  
C       4.433761        0.402295        0.259786  
C      -3.478684       -2.222171        0.611404  
H       0.583068        2.366731        1.966585  
H      -0.984125        1.229366       -0.024460  
C       1.281599       -0.659335        4.105414  
H       2.086950        0.033925        4.368265  
H       0.573402       -0.712866        4.932763  
H       1.741237       -1.638745        3.948667  
H       0.814377       -3.756082       -2.339463  
H       1.274531       -4.716699       -0.936250  
H       0.117381       -3.394906       -0.748851  
H       2.854697       -3.931146        0.756841  
H       3.329363       -2.227638        0.863378  
H       1.648233       -2.687415        1.152314  
H       4.266755       -2.521324       -1.632482  
H       3.695771       -4.191333       -1.588750  
H       3.167684       -3.118048       -2.885404  
H      -1.252215        1.495732       -3.975553  
H      -2.466967        2.621437       -3.372258  
H      -1.076812        2.219179       -2.363701  
H      -2.909749        1.995358       -0.731374  
H      -4.290202        1.894949       -1.823559  
H      -3.967666        0.563428       -0.705084  
H      -4.140049       -0.769189       -3.023642  
H      -4.118049        0.719443       -3.978267  
H      -2.892639       -0.518376       -4.255358  
C      -4.115032        6.123151        1.338125  
H      -4.592150        5.144745        1.468543  
H      -3.514617        6.354076        2.225341  
H      -4.881407        6.885946        1.210763  
C       1.359355        3.785801       -2.636119  
H       2.140457        4.030577       -1.904221  
H       1.109097        2.718213       -2.552205  
H       1.727353        3.991425       -3.640868  
C      -4.771770       -1.658780        0.680145  
C      -2.719167       -2.408726        1.787985  
C      -4.533326       -1.414912        3.108614  
C      -3.269531       -2.009251        3.061218  
C      -5.292768       -1.219150        1.952496  
C      -5.601710       -1.511553       -0.471339  
C      -6.580388       -0.610239        1.997522  
H      -4.938842       -1.102885        4.069678  
C      -2.515510       -2.250756        4.246736  
C      -1.435903       -3.031397        1.780416  
C       5.286045       -0.626138        0.710924  
C       3.926332        1.350929        1.172602  
C       4.911000        0.088467        3.028165  
C       4.182193        1.193258        2.583495  
C       5.481448       -0.816199        2.129190  
C       5.984140       -1.492232       -0.181142  
C       6.275322       -1.912367        2.574858  
H       5.069606       -0.050754        4.096781  
C       3.693873        2.179110        3.489447  
C       3.207045        2.506423        0.750412  
C      -0.746283       -3.259426        2.943960  
C      -1.291963       -2.866470        4.194771  
H      -2.944829       -1.949306        5.199943  
H      -1.017205       -3.353167        0.831186  
H       0.222010       -3.753921        2.911307  
H      -0.736244       -3.060898        5.108202  
C      -7.332281       -0.461053        0.861710  
C      -6.839389       -0.928196       -0.385411  
H      -5.235633       -1.869833       -1.430304  
H      -6.956855       -0.272227        2.960184  
H      -8.313100        0.002771        0.912416  
H      -7.450506       -0.822705       -1.277377  
C       2.793802        3.456599        1.648135  
C       3.027811        3.288233        3.038030  
H       3.885523        2.041453        4.552015  
H       3.010133        2.642211       -0.310273  
H       2.259815        4.336054        1.295246  
H       2.677140        4.041352        3.738166  
C       6.889488       -2.751115        1.681891  
C       6.759379       -2.521795        0.286624  
H       5.909483       -1.310233       -1.250231  
H       6.395612       -2.057632        3.645980  
H       7.496404       -3.579375        2.035949  
H       7.285743       -3.164277       -0.414013  


135
α2cf2
P       0.799182       -1.674188        0.738265  
C      -0.195295       -3.239780        1.104691  
O       0.016543       -4.115002       -0.007127  
H       0.187691       -3.733565        2.006326  
P      -2.334680       -1.664877        0.135978  
C      -1.693462       -3.074375        1.200792  
O      -2.060559       -2.843555        2.561219  
H      -2.144836       -4.024110        0.888006  
C      -3.495477       -2.590160       -1.047991  
C       1.524642       -1.204131        2.421822  
C      -4.534752       -3.400815       -0.277211  
C      -4.193623       -1.617159       -1.996163  
C      -2.596166       -3.511930       -1.878543  
C       1.997432       -2.432557        3.205551  
C       2.698497       -0.231764        2.259081  
C       0.376384       -0.531243        3.179648  
C      -3.242184       -1.014771        1.590627  
C      -2.906901       -1.788065        2.717663  
C      -3.361338       -1.500377        4.000241  
H      -3.071544       -2.138100        4.828839  
C      -4.053671        0.123883        1.788153  
C      -4.503651        0.415772        3.081914  
H      -5.138288        1.286995        3.221733  
C      -4.166066       -0.383095        4.172733  
H      -4.532520       -0.130029        5.163232  
C       1.882940       -2.678599       -0.363921  
C       1.167793       -3.854703       -0.676055  
C       1.562539       -4.762491       -1.654080  
C       3.090201       -2.446183       -1.070765  
C       3.482735       -3.367610       -2.050277  
H       4.419234       -3.187971       -2.571356  
C       2.729974       -4.499618       -2.352733  
H       0.958113       -5.644060       -1.839965  
H       3.069238       -5.186813       -3.121948  
Rh      -0.479994       -0.323053       -0.551086  
C       2.083309        3.380033        2.055216  
C       1.264448        2.609894        1.226549  
C       1.746325        2.180689       -0.021588  
C       3.005793        2.598054       -0.441348  
C       3.815092        3.385321        0.388358  
C       3.366712        3.767612        1.648659  
O       1.737404        3.798858        3.306360  
H       0.273897        2.305776        1.552601  
H       3.386045        2.302019       -1.414343  
O       5.033890        3.715144       -0.116136  
H       3.972260        4.353440        2.330329  
C       0.982751        1.284043       -0.979366  
H       1.702640        0.556314       -1.378467  
C      -0.544492        3.176011       -1.769036  
H      -0.154807        3.812823       -0.970260  
H      -0.809012        3.812662       -2.617838  
H      -1.450554        2.692973       -1.396009  
N       0.053347        1.357709       -3.318948  
H       0.486793        1.559330       -4.208062  
C       0.497166        2.143133       -2.159651  
C      -1.068019        0.632577       -3.327813  
O      -1.690915        0.364876       -2.268046  
C      -4.510711        1.033001        0.701561  
C       4.078353       -1.358206       -0.826698  
H       1.388416        2.669378       -2.531168  
H      -0.185387        0.954311        0.281260  
C      -1.585898        0.132945       -4.638006  
H      -0.949562        0.403211       -5.481266  
H      -1.692070       -0.953852       -4.599463  
H      -2.583978        0.546704       -4.803056  
H      -0.012506        0.343315        2.646539  
H      -0.453873       -1.218751        3.363353  
H       0.747526       -0.200853        4.156419  
H       2.749613        0.420695        3.138643  
H       3.641565       -0.772756        2.193011  
H       2.615884        0.412457        1.382329  
H       2.637723       -3.090695        2.609649  
H       2.594295       -2.086724        4.056939  
H       1.169741       -3.020492        3.612007  
H      -2.109907       -4.291759       -1.285180  
H      -3.210474       -4.007258       -2.638805  
H      -1.813121       -2.947906       -2.401117  
H      -3.477673       -1.027419       -2.569707  
H      -4.812905       -2.193994       -2.693591  
H      -4.853276       -0.930181       -1.467545  
H      -5.164757       -2.762439        0.348883  
H      -5.190721       -3.910710       -0.992700  
H      -4.092011       -4.172734        0.360115  
C       5.956404        4.334268        0.767206  
H       5.607312        5.321933        1.089698  
H       6.136465        3.706955        1.649191  
H       6.883090        4.445542        0.204425  
C       0.540530        3.287758        3.870243  
H      -0.347223        3.633186        3.327782  
H       0.547467        2.191662        3.887010  
H       0.501210        3.666938        4.890584  
C       4.264109       -0.346610       -1.795035  
C       4.996405       -1.491832        0.237738  
C       6.170935        0.521678       -0.522503  
C       6.021604       -0.494554        0.423965  
C       5.348539        0.594312       -1.647587  
C       3.432412       -0.227535       -2.949508  
C       5.551044        1.585940       -2.650511  
H       6.959871        1.260657       -0.392892  
C       6.890261       -0.597537        1.549150  
C       4.971495       -2.598608        1.137420  
C      -3.839658        2.251789        0.464492  
C      -5.718541        0.746522        0.030441  
C      -5.465930        2.792301       -1.292967  
C      -6.169434        1.615086       -1.028861  
C      -4.349235        3.158442       -0.537381  
C      -2.711934        2.671286        1.234392  
C      -3.734176        4.433720       -0.698128  
H      -5.826420        3.465456       -2.069003  
C      -7.344747        1.266289       -1.754989  
C      -6.530143       -0.378806        0.363689  
C       5.842366       -2.676655        2.194154  
C       6.800380       -1.653115        2.418778  
H       7.639960        0.177454        1.691710  
H       4.243276       -3.389826        0.978189  
H       5.799719       -3.528836        2.867168  
H       7.472399       -1.721706        3.269245  
C       4.737455        1.656109       -3.750905  
C       3.665795        0.736171       -3.898301  
H       2.603077       -0.920380       -3.076950  
H       6.362312        2.296535       -2.511221  
H       4.903945        2.415130       -4.509568  
H       3.030185        0.793705       -4.778292  
C      -7.669238       -0.668506       -0.342896  
C      -8.072171        0.150588       -1.430629  
H      -7.660519        1.917620       -2.566858  
H      -6.235228       -1.011428        1.197012  
H      -8.269929       -1.531615       -0.069800  
H      -8.968352       -0.100329       -1.990609  
C      -2.693073        4.820400        0.102385  
C      -2.176172        3.924075        1.072764  
H      -2.305253        1.992130        1.982465  
H      -4.132108        5.105015       -1.455924  
H      -2.244995        5.803208       -0.013015  
H      -1.329265        4.238715        1.677189  
