L5, S, TS1
135
β1cf3
P       1.077153       -2.183871        0.585832  
C      -0.256382       -3.504805        0.535632  
O      -0.004725       -4.365516       -0.584030  
H      -0.190490       -4.125239        1.436692  
P      -1.964599       -1.184450       -0.046368  
C      -1.683422       -2.973835        0.475930  
O      -2.200405       -3.030381        1.817012  
H      -2.279938       -3.649824       -0.156830  
C      -2.317832       -1.264659       -1.890976  
C       2.125013       -2.692432        2.080459  
C      -3.522432       -2.134420       -2.220666  
C      -2.492214        0.170455       -2.390672  
C      -1.078597       -1.873785       -2.543145  
C       2.771320       -4.051553        1.821896  
C       3.183488       -1.617403        2.326008  
C       1.213148       -2.768456        3.307924  
C      -3.475383       -1.190737        1.011294  
C      -3.271653       -2.200163        1.974858  
C      -4.105090       -2.381386        3.073138  
H      -3.895907       -3.174781        3.782700  
C       2.948949       -2.499593       -1.684180  
C      -5.464402       -0.565808        2.245779  
H      -6.356581        0.049927        2.326198  
C      -5.201640       -1.539168        3.207816  
H      -5.873793       -1.660029        4.052221  
C       1.843334       -2.895718       -0.901990  
C       1.119329       -4.038993       -1.280692  
C       1.478110       -4.827002       -2.368843  
C      -4.624439       -0.371367        1.141040  
C       3.310705       -3.301344       -2.774434  
H       4.165568       -3.002662       -3.375186  
C       2.591744       -4.448809       -3.107564  
H       0.887837       -5.700848       -2.622737  
H       2.895275       -5.044952       -3.962889  
Rh       0.089041       -0.083233        0.692296  
C       4.375037        3.127826        1.169124  
C       3.256295        2.374699        1.501479  
C       2.006295        2.682560        0.927809  
C       1.895787        3.741447        0.037581  
C       3.036307        4.495858       -0.285923  
C       4.274895        4.201555        0.270756  
O       5.621795        2.893393        1.658584  
H       3.326121        1.548123        2.200802  
H       0.957419        4.027196       -0.418483  
O       2.826868        5.497954       -1.180288  
H       5.170801        4.762372        0.030504  
C       0.850843        1.900176        1.440844  
H       0.980314        1.684825        2.503785  
C      -1.125261        2.719184       -0.075279  
H      -2.118609        2.325690       -0.310957  
H      -1.239178        3.788751        0.153947  
H      -0.507386        2.623135       -0.970107  
N      -1.433026        1.880851        2.207887  
H      -2.010303        2.691299        2.393835  
C      -0.539584        1.957577        1.074724  
C      -1.472957        0.839627        3.054761  
O      -0.789904       -0.190423        2.840536  
C       3.737226       -1.249166       -1.477393  
C      -5.072352        0.611339        0.111458  
H       1.571759        0.429344        1.044877  
H       0.542228        0.141643       -0.770709  
C      -2.388694        0.922367        4.231459  
H      -3.221518        0.226206        4.076736  
H      -1.861370        0.595939        5.129388  
H      -2.791405        1.923785        4.396148  
C       3.945181        6.301837       -1.530237  
H       4.355778        6.813733       -0.652618  
H       4.734286        5.702596       -1.999964  
H       3.575718        7.037371       -2.242822  
C       5.765332        1.812166        2.570573  
H       5.168233        1.975301        3.475200  
H       5.475349        0.860720        2.106574  
H       6.822315        1.777779        2.831737  
H       0.478615       -3.577437        3.245897  
H       1.835032       -2.969102        4.187397  
H       0.674772       -1.832358        3.479531  
H       3.875718       -1.958691        3.104375  
H       3.775721       -1.387776        1.435119  
H       2.718869       -0.689268        2.676698  
H       3.477871       -4.020935        0.988263  
H       3.321495       -4.364712        2.716234  
H       2.029579       -4.829098        1.606153  
H      -0.999387       -2.944562       -2.334569  
H      -1.145611       -1.752935       -3.630460  
H      -0.163103       -1.378894       -2.209599  
H      -1.582049        0.755638       -2.215958  
H      -2.684314        0.157757       -3.469757  
H      -3.329203        0.688846       -1.912341  
H      -4.424727       -1.812175       -1.706144  
H      -3.718402       -2.082999       -3.298423  
H      -3.346593       -3.186423       -1.974122  
C      -5.882554        0.166349       -0.958810  
C      -4.809506        1.991641        0.250347  
C      -5.737524        2.392256       -1.983453  
C      -5.112994        2.890527       -0.837922  
C      -6.183745        1.069328       -2.044368  
C      -6.463413       -1.137170       -0.994468  
C      -6.955640        0.594719       -3.144236  
H      -5.942862        3.063807       -2.815063  
C      -4.808852        4.275920       -0.692649  
C      -4.334820        2.557538        1.467860  
C       4.994557       -1.294008       -0.838818  
C       3.294731       -0.051467       -2.082244  
C       5.311185        1.097643       -1.295812  
C       4.098228        1.141706       -1.987577  
C       5.780629       -0.087368       -0.724738  
C       5.537212       -2.498237       -0.298980  
C       7.032620       -0.141270       -0.044547  
H       5.909714        2.003868       -1.210971  
C       3.647853        2.329953       -2.632485  
C       2.093961        0.015406       -2.846244  
C      -4.123932        3.907416        1.594481  
C      -4.328847        4.775602        0.489662  
H      -5.007553        4.936765       -1.533123  
H      -4.188704        1.895377        2.317659  
H      -3.807107        4.322206        2.549617  
H      -4.129781        5.837988        0.595540  
C      -7.478415       -0.671700       -3.146615  
C      -7.250349       -1.536156       -2.044222  
H      -6.279499       -1.817055       -0.166004  
H      -7.147796        1.276715       -3.969159  
H      -8.083344       -1.012140       -3.981928  
H      -7.696042       -2.526900       -2.038210  
C       1.682409        1.183496       -3.436905  
C       2.467065        2.360162       -3.327350  
H       4.272574        3.217303       -2.561454  
H       1.517611       -0.893101       -2.984642  
H       0.759471        1.200529       -4.012277  
H       2.135780        3.279238       -3.803599  
C       7.503220       -1.314434        0.483787  
C       6.747547       -2.509393        0.344489  
H       4.976355       -3.422438       -0.412714  
H       7.605705        0.779440        0.047081  
H       8.458431       -1.338451        1.000614  
H       7.137471       -3.440431        0.746124  


135
α1cf2
P      -2.140839        0.706420       -1.304442  
C      -1.060255        0.695673       -2.838830  
O      -1.670899       -0.137299       -3.830830  
H      -1.038543        1.711496       -3.252640  
P       0.903525       -0.509536       -1.007796  
C       0.399506        0.302815       -2.626778  
O       1.147788        1.533585       -2.625803  
H       0.729874       -0.307306       -3.482727  
C       0.833627       -2.367804       -1.365282  
C      -3.022533        2.385122       -1.479789  
C       1.985923       -2.814517       -2.258586  
C       0.815124       -3.147793       -0.050145  
C      -0.492878       -2.601933       -2.086064  
C      -3.769485        2.429968       -2.814903  
C      -4.006809        2.579594       -0.331004  
C      -1.986392        3.510155       -1.420306  
C       2.566181        0.211231       -1.255063  
C       2.375758        1.358575       -2.048060  
C       3.364857        2.307730       -2.265069  
H       3.156293        3.176838       -2.880995  
C       3.856912       -0.036372       -0.733111  
C       4.845114        0.939532       -0.937277  
H       5.839768        0.754219       -0.539269  
C       4.600529        2.101015       -1.664589  
H       5.393800        2.831850       -1.794350  
C      -3.250410       -0.514680       -2.088341  
C      -2.820294       -0.732457       -3.409694  
C      -3.508152       -1.555432       -4.294774  
C      -4.387490       -1.205801       -1.623481  
C      -5.081158       -2.028179       -2.519164  
H      -5.960935       -2.556861       -2.162067  
C      -4.653334       -2.193382       -3.835807  
H      -3.139142       -1.688517       -5.306296  
H      -5.209690       -2.842815       -4.505089  
Rh      -0.628270        0.708527        0.489900  
C       2.699278        4.360795        0.314089  
C       1.632089        3.513930        0.634893  
C       1.804243        2.494921        1.573355  
C       3.071589        2.312530        2.162430  
C       4.132494        3.140962        1.805284  
C       3.952341        4.189644        0.896167  
O       2.426007        5.312727       -0.619934  
H       0.695756        3.653674        0.103105  
H       3.205073        1.521536        2.891851  
O       5.399367        2.990382        2.278638  
H       4.805582        4.803287        0.632959  
C       0.744437        1.574598        2.023192  
H       1.118516        0.729301        2.596047  
C      -1.053504        3.365205        2.496726  
H      -0.656035        3.797934        3.422752  
H      -0.687173        3.976342        1.673961  
H      -2.143433        3.432134        2.526478  
N      -1.204747        1.091813        3.371618  
H      -1.461169        1.523437        4.250647  
C      -0.585507        1.941930        2.389694  
C      -1.330700       -0.248413        3.235793  
O      -1.111187       -0.807903        2.143464  
C       4.308129       -1.330617       -0.147631  
C      -4.855420       -1.166569       -0.210654  
H      -1.794728        1.622912        1.083243  
H      -0.185813        1.860083       -0.440330  
C      -1.768162       -1.008328        4.446281  
H      -1.274746       -0.645310        5.350333  
H      -2.848121       -0.894288        4.583346  
H      -1.557595       -2.067759        4.307154  
C       5.657057        1.843125        3.077810  
H       5.102877        1.879975        4.022725  
H       5.394860        0.922704        2.540201  
H       6.726139        1.855020        3.285118  
C       3.499143        6.148990       -1.027829  
H       3.891908        6.732472       -0.187489  
H       4.312765        5.561926       -1.471243  
H       3.087631        6.823539       -1.777242  
H      -1.160360        3.397100       -2.130977  
H      -2.487627        4.456331       -1.651287  
H      -1.557576        3.603934       -0.417537  
H      -3.505262        2.565508        0.643185  
H      -4.493644        3.555479       -0.436622  
H      -4.789303        1.819949       -0.321999  
H      -4.559905        1.675127       -2.867058  
H      -4.239905        3.412321       -2.926803  
H      -3.108135        2.287347       -3.676755  
H      -0.497780       -2.190587       -3.099672  
H      -0.674846       -3.679805       -2.165730  
H      -1.328827       -2.173835       -1.526699  
H       0.018339       -2.800616        0.616966  
H       0.630229       -4.205432       -0.272494  
H       1.763464       -3.084612        0.486365  
H       2.947295       -2.767504       -1.743742  
H       1.816931       -3.855810       -2.557107  
H       2.060123       -2.218097       -3.174925  
C      -5.960576       -0.373358        0.159894  
C      -4.262832       -2.042614        0.725581  
C      -5.737589       -1.160506        2.473807  
C      -4.720568       -2.040431        2.093446  
C      -6.380487       -0.342465        1.540713  
C      -6.694348        0.409217       -0.782383  
C      -7.464834        0.505109        1.912335  
H      -6.067429       -1.144091        3.511551  
C      -4.151085       -2.968949        3.011699  
C      -3.270033       -2.995594        0.354214  
C       5.249455       -2.094720       -0.886956  
C       3.847995       -1.803855        1.097039  
C       5.278256       -3.783100        0.896891  
C       4.330554       -3.058693        1.620188  
C       5.748668       -3.334027       -0.339894  
C       5.685930       -1.733653       -2.198559  
C       6.695922       -4.096340       -1.084266  
H       5.651225       -4.723583        1.298415  
C       3.819838       -3.528820        2.865189  
C       2.890409       -1.085019        1.865603  
C      -2.756835       -3.883137        1.264405  
C      -3.197474       -3.868359        2.612758  
H      -4.504977       -2.957462        4.040681  
H      -2.952211       -3.044247       -0.682520  
H      -2.014890       -4.611962        0.948072  
H      -2.782098       -4.577081        3.323827  
C      -8.131210        1.253802        0.977986  
C      -7.747571        1.193152       -0.388042  
H      -6.402804        0.379130       -1.829565  
H      -7.762724        0.530584        2.957977  
H      -8.962091        1.887084        1.275135  
H      -8.292585        1.776771       -1.124657  
C       2.417563       -1.571575        3.057468  
C       2.884969       -2.811937        3.565220  
H       4.189011       -4.477525        3.247616  
H       2.538842       -0.138925        1.470962  
H       1.675851       -1.011199        3.624296  
H       2.501645       -3.186329        4.509809  
C       7.113182       -3.691809       -2.324311  
C       6.585168       -2.503461       -2.890989  
H       5.284675       -0.839130       -2.664590  
H       7.071056       -5.017613       -0.644605  
H       7.832026       -4.284364       -2.882795  
H       6.891127       -2.203966       -3.889537  


135
β1cf4
P      -1.124170       -2.232324       -0.587043  
C       0.211204       -3.552221       -0.524622  
O      -0.042844       -4.410977        0.595919  
H       0.146591       -4.175080       -1.423689  
P       1.918055       -1.227207        0.036378  
C       1.637989       -3.023149       -0.462091  
O       2.165843       -3.103019       -1.797011  
H       2.227843       -3.690058        0.186322  
C       2.258538       -1.287986        1.884657  
C      -2.155146       -2.747631       -2.094053  
C       3.459250       -2.156122        2.232088  
C       2.432641        0.151141        2.372836  
C       1.011859       -1.885963        2.533631  
C      -2.837256       -4.085956       -1.820226  
C      -3.179185       -1.650353       -2.384849  
C      -1.226297       -2.878706       -3.305015  
C       3.436856       -1.251853       -1.011764  
C       3.238177       -2.276180       -1.960816  
C       4.077105       -2.476280       -3.051647  
H       3.869311       -3.280277       -3.749619  
C      -3.008586       -2.553431        1.670371  
C       5.436414       -0.652970       -2.243525  
H       6.330356       -0.040361       -2.328112  
C       5.176714       -1.639544       -3.192742  
H       5.853787       -1.775215       -4.030915  
C      -1.897479       -2.947990        0.896180  
C      -1.174188       -4.088921        1.281677  
C      -1.541134       -4.877104        2.367225  
C       4.589465       -0.437922       -1.148027  
C      -3.379973       -3.354365        2.757306  
H      -4.239018       -3.055145        3.351836  
C      -2.662304       -4.501417        3.095796  
H      -0.951306       -5.749576        2.626824  
H      -2.972033       -5.098363        3.948376  
Rh      -0.139961       -0.124479       -0.703080  
C      -4.331338        3.302379       -1.122955  
C      -3.257674        2.472975       -1.462480  
C      -1.993720        2.699378       -0.916085  
C      -1.802074        3.759372       -0.018679  
C      -2.886368        4.568188        0.322015  
C      -4.155962        4.353546       -0.225861  
O      -5.517717        3.004922       -1.715542  
H      -3.425452        1.659000       -2.163643  
H      -0.828515        3.967334        0.394580  
O      -2.803238        5.602760        1.201392  
H      -4.967042        5.010885        0.066005  
C      -0.878197        1.872120       -1.450278  
H      -1.034992        1.654320       -2.508561  
C       1.157543        2.650551        0.017038  
H       2.145230        2.231126        0.227357  
H       1.296746        3.715470       -0.221478  
H       0.565536        2.576194        0.930787  
N       1.392629        1.796268       -2.262429  
H       1.978044        2.596356       -2.467383  
C       0.521382        1.898453       -1.113514  
C       1.407035        0.743770       -3.095639  
O       0.711663       -0.272510       -2.857786  
C      -3.777049       -1.294817        1.450242  
C       5.029026        0.568399       -0.138036  
H      -1.619899        0.406570       -1.044444  
H      -0.586733        0.113584        0.760985  
C       2.306646        0.796732       -4.286225  
H       3.108228        0.061252       -4.152078  
H       1.750412        0.504734       -5.178662  
H       2.751453        1.780499       -4.448064  
C      -1.525190        5.894360        1.750305  
H      -1.128469        5.042840        2.315867  
H      -0.810508        6.170942        0.966400  
H      -1.673201        6.738598        2.422040  
C      -6.615347        3.866002       -1.445857  
H      -6.880493        3.856852       -0.381568  
H      -6.397981        4.894801       -1.753809  
H      -7.450275        3.478718       -2.028208  
H      -0.549475       -3.735499       -3.232592  
H      -1.846005       -3.039891       -4.194225  
H      -0.626256       -1.979935       -3.469667  
H      -3.870068       -1.996752       -3.161819  
H      -3.776783       -1.376192       -1.510716  
H      -2.684796       -0.746409       -2.756155  
H      -3.559079       -4.024197       -1.002111  
H      -3.376090       -4.405116       -2.719485  
H      -2.115496       -4.873873       -1.574752  
H       0.928308       -2.958250        2.333827  
H       1.072579       -1.756382        3.620474  
H       0.101054       -1.388002        2.190734  
H       1.521743        0.733821        2.193750  
H       2.623470        0.146325        3.452289  
H       3.270708        0.666145        1.892303  
H       4.365674       -1.839544        1.720981  
H       3.647351       -2.093867        3.310664  
H       3.284351       -3.210467        1.995294  
C       4.771050        1.944959       -0.316989  
C       5.826829        0.150878        0.952792  
C       5.673917        2.403381        1.915941  
C       6.116769        1.081770        2.017136  
C       5.064086        2.872097        0.750234  
C       4.306190        2.479079       -1.552824  
C       4.763195        4.253675        0.565761  
H       5.871144        3.097005        2.731255  
C       6.875633        0.635754        3.137676  
C       6.407848       -1.150714        1.027530  
C      -5.001752       -1.311145        0.752105  
C      -3.333123       -0.108720        2.076034  
C      -5.273187        1.089238        1.181658  
C      -4.100289        1.104247        1.940596  
C      -5.741298       -0.082232        0.582755  
C      -5.555744       -2.506229        0.203576  
C      -6.945222       -0.102476       -0.180412  
H      -5.841943        2.010896        1.066989  
C      -3.657918        2.280380        2.613248  
C      -2.168762       -0.073137        2.896460  
C       7.184083       -1.522158        2.095559  
C       7.398968       -0.629912        3.178066  
H       7.058514        1.338592        3.947025  
H       6.233688       -1.851022        0.214050  
H       7.630992       -2.512061        2.119483  
H       7.994880       -0.948413        4.028287  
C       4.294266        4.722362       -0.633498  
C       4.096885        3.825290       -1.716296  
H       4.162852        1.795194       -2.385527  
H       4.954757        4.936377        1.390322  
H       4.097830        5.781820       -0.769648  
H       3.785869        4.214963       -2.683855  
C      -1.765780        1.081317        3.518572  
C      -2.519583        2.275065        3.377515  
H      -4.252164        3.185964        2.510632  
H      -1.617833       -0.994245        3.055992  
H      -0.874675        1.075291        4.142152  
H      -2.201489        3.178421        3.891125  
C      -7.421393       -1.266956       -0.723329  
C      -6.724205       -2.486361       -0.512696  
H      -5.039661       -3.447719        0.372624  
H      -7.484258        0.832837       -0.315670  
H      -8.339803       -1.265497       -1.303064  
H      -7.124672       -3.410676       -0.919613  


135
β1cf2
P       1.176601       -2.139298        0.585405  
C      -0.118456       -3.497156        0.539442  
O       0.150664       -4.349334       -0.580800  
H      -0.032364       -4.116247        1.439738  
P      -1.893478       -1.224582       -0.035622  
C      -1.559450       -3.004758        0.487763  
O      -2.060118       -3.069617        1.833543  
H      -2.143340       -3.698597       -0.137531  
C      -2.245845       -1.313417       -1.880793  
C       2.245552       -2.626884        2.069555  
C      -3.437385       -2.199655       -2.212195  
C      -2.446178        0.117688       -2.382170  
C      -0.999868       -1.907624       -2.534672  
C       2.906850       -3.978636        1.810409  
C       3.292319       -1.537881        2.302162  
C       1.342779       -2.707098        3.303308  
C      -3.397222       -1.273465        1.030459  
C      -3.153960       -2.270749        1.997847  
C      -3.969976       -2.472156        3.105191  
H      -3.728835       -3.255308        3.816082  
C       3.021443       -2.380215       -1.718290  
C      -5.392184       -0.703764        2.282312  
H      -6.302570       -0.115937        2.367731  
C      -5.090463       -1.663396        3.246745  
H      -5.750542       -1.800221        4.098192  
C       1.946342       -2.818755       -0.916389  
C       1.251488       -3.981353       -1.292849  
C       1.612205       -4.748023       -2.395141  
C      -4.569405       -0.489086        1.168224  
C       3.382452       -3.158092       -2.826312  
H       4.214709       -2.826376       -3.441463  
C       2.694755       -4.325601       -3.155339  
H       1.044297       -5.637900       -2.644629  
H       2.998420       -4.903001       -4.023369  
Rh       0.128421       -0.068273        0.706559  
C       4.345599        3.226676        1.153796  
C       3.242207        2.444866        1.495255  
C       1.981829        2.739144        0.953868  
C       1.826120        3.819990        0.086227  
C       2.946302        4.591643       -0.251146  
C       4.202478        4.301453        0.274294  
O       5.603033        3.007190        1.622962  
H       3.341582        1.606723        2.177373  
H       0.855432        4.076061       -0.309196  
O       2.895804        5.645679       -1.109886  
H       5.063424        4.900873       -0.002520  
C       0.841730        1.931324        1.462720  
H       0.968280        1.716844        2.526131  
C      -1.146981        2.697683       -0.071389  
H      -2.125966        2.273159       -0.314090  
H      -1.298546        3.763994        0.153326  
H      -0.519009        2.618656       -0.961648  
N      -1.445905        1.861906        2.214182  
H      -2.036802        2.662419        2.400327  
C      -0.547483        1.956807        1.086623  
C      -1.462053        0.823216        3.065603  
O      -0.755456       -0.191665        2.855791  
C       3.789847       -1.118469       -1.504507  
C      -5.059340        0.466828        0.132778  
H       1.597247        0.471804        1.071789  
H       0.578137        0.170926       -0.755155  
C      -2.377679        0.892706        4.243156  
H      -3.185968        0.165722        4.102824  
H      -1.836956        0.599908        5.144766  
H      -2.814123        1.882359        4.392604  
C       1.628201        5.994150       -1.648784  
H       1.199841        5.168865       -2.230340  
H       0.924935        6.282225       -0.858744  
H       1.805888        6.845234       -2.304500  
C       5.777116        1.927091        2.530647  
H       5.185599        2.075293        3.441554  
H       5.503774        0.970367        2.067573  
H       6.836995        1.913966        2.781858  
H       0.615823       -3.523585        3.249829  
H       1.971597       -2.895808        4.180454  
H       0.795133       -1.775589        3.471942  
H       3.994057       -1.866785        3.077218  
H       3.875132       -1.305131        1.405944  
H       2.818930       -0.614041        2.652351  
H       3.603128       -3.942764        0.968297  
H       3.471597       -4.280002        2.699623  
H       2.173040       -4.766965        1.607456  
H      -0.912492       -2.978761       -2.331391  
H      -1.068814       -1.782871       -3.621389  
H      -0.085636       -1.410050       -2.201153  
H      -1.544351        0.718517       -2.216639  
H      -2.647844        0.099256       -3.459377  
H      -3.288413        0.622397       -1.897092  
H      -4.354433       -1.858611       -1.738159  
H      -3.599333       -2.188640       -3.296774  
H      -3.269011       -3.241625       -1.921206  
C      -5.869290       -0.018193       -0.919791  
C      -4.837177        1.856006        0.248741  
C      -5.808133        2.196369       -1.977003  
C      -5.182808        2.729750       -0.847452  
C      -6.213622        0.859277       -2.013658  
C      -6.406565       -1.340983       -0.929971  
C      -6.984469        0.343883       -3.096060  
H      -6.046549        2.849022       -2.814812  
C      -4.919265        4.125525       -0.724458  
C      -4.365728        2.452482        1.452808  
C       3.330005        0.080690       -2.093095  
C       5.052788       -1.156920       -0.876329  
C       5.343840        1.240953       -1.314324  
C       5.827656        0.056089       -0.755134  
C       4.126238        1.279203       -1.998217  
C       2.118583        0.145659       -2.840971  
C       3.666990        2.467524       -2.637448  
H       5.934647        2.151917       -1.227545  
C       7.083902        0.008107       -0.082322  
C       5.611632       -2.361553       -0.354070  
C      -4.194645        3.809518        1.558637  
C      -4.439436        4.655541        0.444733  
H      -5.150227        4.768662       -1.570322  
H      -4.192412        1.806814        2.310024  
H      -3.880618        4.246984        2.504443  
H      -4.272911        5.725037        0.534154  
C      -7.465381       -0.938916       -3.073571  
C      -7.193509       -1.780173       -1.963036  
H      -6.188097       -2.004203       -0.096602  
H      -7.209742        1.006917       -3.928066  
H      -8.069627       -1.310962       -3.895895  
H      -7.605239       -2.785172       -1.938047  
C       6.825519       -2.366985        0.282635  
C       7.569229       -1.165631        0.431364  
H       7.647782        0.933830        0.015697  
H       5.059892       -3.290314       -0.474759  
H       7.227250       -3.298218        0.672030  
H       8.527300       -1.185181        0.943043  
C       2.485580        2.489151       -3.332152  
C       1.701134        1.311422       -3.431980  
H       1.539222       -0.762426       -2.969778  
H       4.283866        3.360525       -2.564707  
H       2.153857        3.402385       -3.819341  
H       0.773532        1.325807       -3.999878  


135
β1cf1
P      -1.176054       -2.251323       -0.665857  
C       0.050845       -3.671472       -0.574178  
O      -0.453685       -4.643564        0.355624  
H       0.098901       -4.165134       -1.549906  
P       1.856528       -1.508086        0.279057  
C       1.487219       -3.297349       -0.205468  
O       2.328044       -3.584133       -1.328767  
H       1.795822       -3.954996        0.619839  
C       1.965466       -1.688480        2.160746  
C      -2.141169       -2.625845       -2.260571  
C       3.082580       -2.636438        2.589290  
C       2.096932       -0.295943        2.775508  
C       0.632363       -2.286661        2.608251  
C      -2.971361       -3.895282       -2.082355  
C      -3.030140       -1.421807       -2.577249  
C      -1.159370       -2.821196       -3.419029  
C       3.509862       -1.666300       -0.533318  
C       3.471292       -2.842038       -1.315816  
C       4.531737       -3.271615       -2.106758  
H       4.437586       -4.191369       -2.674082  
C      -3.226254       -2.517954        1.453834  
C       5.754209       -1.325209       -1.389641  
H       6.657294       -0.721504       -1.420199  
C       5.687490       -2.504885       -2.124848  
H       6.540105       -2.822704       -2.717168  
C      -2.119274       -2.979130        0.711220  
C      -1.567583       -4.233301        1.023814  
C      -2.097806       -5.060582        2.007855  
C       4.681809       -0.863015       -0.612212  
C      -3.752409       -3.350391        2.448872  
H      -4.607860       -2.998690        3.019471  
C      -3.202859       -4.604632        2.715232  
H      -1.640383       -6.023452        2.209657  
H      -3.635870       -5.228023        3.491997  
Rh      -0.009942       -0.226058       -0.614016  
C      -3.746457        3.641709       -1.103125  
C      -2.767138        2.694565       -1.388953  
C      -1.496907        2.791870       -0.806390  
C      -1.226808        3.829413        0.086444  
C      -2.229711        4.755760        0.390268  
C      -3.491693        4.685497       -0.204886  
O      -4.935297        3.477248       -1.742883  
H      -3.004945        1.886854       -2.077234  
H      -0.258299        3.966330        0.547339  
O      -1.882085        5.708331        1.297068  
H      -4.255842        5.415900        0.028643  
C      -0.461634        1.857649       -1.325443  
H      -0.595952        1.701788       -2.397892  
C       1.576492        2.337934        0.252209  
H       2.473326        1.775277        0.528884  
H       1.888062        3.372111        0.044179  
H       0.911740        2.346573        1.117627  
N       1.807739        1.522675       -2.060133  
H       2.462177        2.269467       -2.270591  
C       0.914658        1.703504       -0.933094  
C       1.661639        0.526235       -2.949938  
O       0.876188       -0.424451       -2.720137  
C      -3.859155       -1.183577        1.249338  
C       4.877650        0.474830        0.026674  
H      -1.398188        0.463950       -1.052413  
H      -0.529227        0.037521        0.822859  
C       2.445519        0.554589       -4.219407  
H       3.149938       -0.282532       -4.227899  
H       1.760151        0.402490       -5.055667  
H       2.990573        1.486497       -4.368405  
C      -2.863414        6.674737        1.645996  
H      -3.176073        7.258598        0.772977  
H      -3.742027        6.202709        2.101620  
H      -2.390073        7.333803        2.372225  
C      -5.953375        4.436780       -1.499016  
H      -6.255280        4.443261       -0.444210  
H      -5.631246        5.443410       -1.788339  
H      -6.801292        4.136959       -2.113354  
H      -0.600085       -3.758856       -3.347292  
H      -1.737413       -2.871908       -4.348584  
H      -0.448948       -1.996710       -3.507317  
H      -3.694999       -1.674251       -3.410978  
H      -3.658123       -1.117059       -1.734896  
H      -2.423971       -0.560997       -2.879225  
H      -3.740346       -3.786578       -1.314289  
H      -3.473513       -4.127018       -3.028576  
H      -2.350139       -4.759746       -1.821384  
H       0.533864       -3.338926        2.324691  
H       0.567130       -2.238505        3.701560  
H      -0.215268       -1.731365        2.201888  
H       1.226092        0.318872        2.519211  
H       2.138376       -0.382216        3.867562  
H       2.995652        0.232609        2.451201  
H       4.045316       -2.393689        2.145867  
H       3.196970       -2.587400        3.678175  
H       2.850372       -3.675815        2.336700  
C       5.202269        0.590949        1.396837  
C       4.899243        1.641061       -0.780508  
C       5.079950        3.033172        1.235561  
C       4.988966        2.940535       -0.154925  
C       5.232101        1.891706        2.023367  
C       5.579778       -0.531808        2.186196  
C       5.466217        1.976251        3.426919  
H       5.096289        4.015008        1.705517  
C       4.991502        4.110096       -0.968476  
C       4.881823        1.601560       -2.205768  
C      -3.355675       -0.059082        1.938530  
C      -5.016585       -1.065245        0.451609  
C      -5.069464        1.346682        0.895255  
C      -5.610362        0.235326        0.246168  
C      -3.970274        1.231141        1.749029  
C      -2.275635       -0.152414        2.863016  
C      -3.445118        2.355843        2.448346  
H      -5.521036        2.325495        0.742649  
C      -6.744610        0.347976       -0.610009  
C      -5.639916       -2.189813       -0.167506  
C       4.943708        2.749121       -2.957296  
C       4.979685        4.024327       -2.335520  
H       5.033307        5.077506       -0.473369  
H       4.832895        0.638266       -2.703651  
H       4.964346        2.681851       -4.041980  
H       5.007206        4.922463       -2.944828  
C       5.753243        0.856902        4.163684  
C       5.850127       -0.406769        3.524390  
H       5.692417       -1.492794        1.693334  
H       5.446072        2.958373        3.893562  
H       5.945705        0.937211        5.229571  
H       6.149260       -1.278600        4.099646  
C      -6.736894       -2.041196       -0.975681  
C      -7.289559       -0.754693       -1.213666  
H      -7.176539        1.334181       -0.764346  
H      -5.237536       -3.181138        0.022789  
H      -7.193477       -2.914186       -1.434075  
H      -8.154657       -0.652723       -1.862523  
C      -2.378050        2.228955        3.298993  
C      -1.794541        0.953989        3.516395  
H      -1.855215       -1.130448        3.071347  
H      -3.916777        3.323048        2.287850  
H      -1.985439        3.099347        3.818461  
H      -0.971197        0.849959        4.219404  


135
α1cf1
P      -2.121045        0.670206       -1.328383  
C      -1.031137        0.574002       -2.854867  
O      -1.651641       -0.287705       -3.815866  
H      -0.984308        1.570736       -3.310773  
P       0.890057       -0.601854       -0.961110  
C       0.417055        0.160150       -2.613476  
O       1.186531        1.378110       -2.644412  
H       0.747157       -0.483319       -3.444821  
C       0.756720       -2.472935       -1.219440  
C      -2.958684        2.364539       -1.567840  
C       1.917645       -3.024090       -2.039368  
C       0.655857       -3.168815        0.138856  
C      -0.552287       -2.698316       -1.975431  
C      -3.703777        2.378014       -2.904725  
C      -3.937576        2.629647       -0.428956  
C      -1.893097        3.463191       -1.549649  
C       2.570464        0.073238       -1.223880  
C       2.406293        1.200201       -2.050587  
C       3.413532        2.125786       -2.285431  
H       3.224325        2.982016       -2.925284  
C       3.852145       -0.182209       -0.684971  
C       4.860129        0.768564       -0.908926  
H       5.848524        0.575689       -0.499165  
C       4.640744        1.914031       -1.669423  
H       5.447998        2.627060       -1.813811  
C      -3.258046       -0.546999       -2.077620  
C      -2.822257       -0.831404       -3.383974  
C      -3.525556       -1.671505       -4.240628  
C      -4.419559       -1.183806       -1.596717  
C      -5.129713       -2.022102       -2.463905  
H      -6.028531       -2.508450       -2.094129  
C      -4.693838       -2.255669       -3.767514  
H      -3.151393       -1.858318       -5.241688  
H      -5.262540       -2.916127       -4.415261  
Rh      -0.617762        0.698289        0.478565  
C       2.764920        4.278187        0.191727  
C       1.693144        3.453755        0.531005  
C       1.846702        2.473692        1.520630  
C       3.094704        2.328509        2.142355  
C       4.164579        3.149102        1.781862  
C       4.011794        4.143694        0.812487  
O       2.516282        5.184358       -0.794008  
H       0.766042        3.571576       -0.021636  
H       3.249138        1.576520        2.910643  
O       5.338087        2.900959        2.423922  
H       4.844191        4.771950        0.524286  
C       0.771708        1.578395        1.986988  
H       1.129043        0.744871        2.586854  
C      -0.991117        3.417751        2.398774  
H      -0.581219        3.875350        3.307346  
H      -0.617402        3.992512        1.553012  
H      -2.079575        3.505532        2.430233  
N      -1.189226        1.174696        3.344536  
H      -1.427647        1.634922        4.214263  
C      -0.551747        1.982627        2.338272  
C      -1.324956       -0.168494        3.252483  
O      -1.119352       -0.762904        2.175927  
C       4.265627       -1.471979       -0.065516  
C      -4.893712       -1.071403       -0.190709  
H      -1.770665        1.653430        1.037430  
H      -0.154791        1.805683       -0.493498  
C      -1.750199       -0.889233        4.490645  
H      -1.220746       -0.519202        5.371447  
H      -2.822192       -0.742844        4.656485  
H      -1.569879       -1.956387        4.369904  
C       6.471960        3.659674        2.030011  
H       6.698387        3.510905        0.966928  
H       6.325459        4.728444        2.223907  
H       7.302510        3.293821        2.631948  
C       3.594102        6.003875       -1.221433  
H       3.962999        6.637746       -0.406963  
H       4.421542        5.400582       -1.614604  
H       3.196116        6.633200       -2.016404  
H      -1.067074        3.298751       -2.250429  
H      -2.367804        4.411970       -1.822398  
H      -1.465890        3.586939       -0.549371  
H      -3.437766        2.636251        0.546233  
H      -4.394257        3.615400       -0.571158  
H      -4.742960        1.895313       -0.393853  
H      -4.513903        1.642809       -2.928969  
H      -4.147794        3.367550       -3.054732  
H      -3.046224        2.184383       -3.759330  
H      -0.499824       -2.362454       -3.015018  
H      -0.779262       -3.770648       -1.986086  
H      -1.390605       -2.197090       -1.483800  
H      -0.157822       -2.756838        0.746589  
H       0.448265       -4.232362       -0.028956  
H       1.581046       -3.100345        0.714265  
H       2.856118       -3.005520       -1.483331  
H       1.702324       -4.067819       -2.296304  
H       2.064853       -2.478345       -2.978238  
C      -5.978879       -0.233946        0.138652  
C      -4.324463       -1.917430        0.786985  
C      -5.780375       -0.917082        2.487396  
C      -4.788199       -1.842179        2.151168  
C      -6.397918       -0.124656        1.515795  
C      -6.688638        0.524795       -0.841060  
C      -7.455320        0.773061        1.844992  
H      -6.112272       -0.844199        3.522025  
C      -4.250807       -2.746559        3.112129  
C      -3.349913       -2.907189        0.465478  
C       3.780872       -1.903924        1.184598  
C       5.181354       -2.284093       -0.785135  
C       5.125733       -3.945898        1.023047  
C       5.626994       -3.533331       -0.214186  
C       4.203352       -3.171876        1.727423  
C       2.859330       -1.127180        1.940760  
C       3.661491       -3.603120        2.973387  
H       5.454409       -4.896088        1.440301  
C       6.547981       -4.345246       -0.938916  
C       5.638796       -1.964295       -2.100148  
C      -2.868114       -3.768582        1.416655  
C      -3.320331       -3.687563        2.758468  
H      -4.611325       -2.682304        4.136864  
H      -3.018362       -3.003263       -0.563870  
H      -2.139576       -4.525998        1.138944  
H      -2.930028       -4.377554        3.501547  
C      -8.097792        1.497196        0.875118  
C      -7.716636        1.359066       -0.486089  
H      -6.398338        0.435785       -1.885406  
H      -7.752378        0.857329        2.887988  
H      -8.908297        2.169827        1.140691  
H      -8.243280        1.923226       -1.250634  
C       6.510093       -2.781598       -2.773683  
C       6.987520       -3.979731       -2.183262  
H       6.883257       -5.272946       -0.480744  
H       5.277236       -1.062095       -2.583289  
H       6.832884       -2.512388       -3.775571  
H       7.684571       -4.610617       -2.727220  
C       2.758171       -2.833344        3.658505  
C       2.358156       -1.575664        3.136043  
H       2.563707       -0.166387        1.534618  
H       3.983060       -4.563460        3.369706  
H       2.351265       -3.177109        4.605039  
H       1.648803       -0.969072        3.696616  


